// map: Siam

// level embedded console commands 
CONSOLE gameUI enable PressAText
CONSOLE gameUI disable LoadingText
CONSOLE sym set IsLoaded 1
CONSOLE_IMMEDIATE rook setCreepLimit 6
CONSOLE_IMMEDIATE rook setLevelExpReqMult 1.8
CONSOLE_IMMEDIATE sym set S_Wave 0
CONSOLE_IMMEDIATE gfx reloadMasterMaterial master_EnvironmentMapped.mtl Valley
CONSOLE_IMMEDIATE sym set IronHandSurvivalEnemies 1
CONSOLE_IMMEDIATE sym set ShowPlayerScore 1
CONSOLE_EXIT_IMMEDIATE sym set ShowPlayerScore 0
CONSOLE_EXIT_IMMEDIATE sym set IronHandSurvivalEnemies 0

mapInfo {
	MAPNAME c_template
	MAPAUTHOR CarbonGames
	MAPDESCRIPTION c_template
	SKYBOX mat_SkyBlueSmallClouds
	TILESET Canyon
	EDGING ToSand
	GAMEMODE custom
	GAMESTYLE Survival
	PREGAME 3
	PREGAME_RADIUS 55
}

mapBounds {
	LEVELCAMERA_ZROT -135
	AutoExtShadowCheckAtZHeight 1000
	FORCEBOX -150 140 -65 65 4 0
	MAPEXTMIN -130 -120 0
	MAPEXTMAX 120 120 0
	CAMERAEXTMIN -135 -55
	CAMERAEXTMAX 130 50
}

mapBalance {
}

editorSettings {
	TerrainSelectionActive Editor_Valley
	TerrainArrayX 30
	TerrainArrayY 30
	TerrainPatternActive Editor_PatternSquare
}

planeZones {
  KILLPLANE -3
  TRANSFORMPLANE -1.5
}

fogValues {
	FOGCOLOR 119.999939 160 153 0
	FOGARGS 24 28
	DFOGCOLOR 143 193 115 165
	DFOGCOLOR2 143 143 115 255
	DFOGARGS 0 2500
	DFOGARGS2 -100 2700
	CANVASCOLOR 0 0 0 0
}

gamelocations {
	GL {
		name bombard14
		shape 0
		pos -77.574966 3.751724 3.780003
		radius 1
	}
	GL {
		name cannonsplode3
		shape 0
		pos 128.949448 5.459259 8.460004
		radius 1
	}
	GL {
		name bombard2
		shape 0
		pos 89.930214 0.856505 3.780003
		radius 1
	}
	GL {
		name bombard3
		shape 0
		pos 79.254143 0.513641 3.780003
		radius 1
	}
	GL {
		name bombard4
		shape 0
		pos 67.113747 0.492519 3.780003
		radius 1
	}
	GL {
		name bombard5
		shape 0
		pos 48.22546 0.900035 3.780003
		radius 1
	}
	GL {
		name bombard6
		shape 0
		pos 37.382053 1.130203 3.780003
		radius 1
	}
	GL {
		name bombard7
		shape 0
		pos 25.383686 1.833498 3.780003
		radius 1
	}
	GL {
		name bombard8
		shape 0
		pos 11.99407 2.494164 3.780003
		radius 1
	}
	GL {
		name bombard9
		shape 0
		pos -17.998009 3.223803 3.780003
		radius 1
	}
	GL {
		name bombard10
		shape 0
		pos -29.856346 3.530352 3.780003
		radius 1
	}
	GL {
		name bombard11
		shape 0
		pos -41.898117 3.696726 3.780003
		radius 1
	}
	GL {
		name bombard12
		shape 0
		pos -55.299835 3.944576 3.780003
		radius 1
	}
	GL {
		name bombard19
		shape 0
		pos -129.364899 0.741991 3.780003
		radius 1
	}
	GL {
		name bombard13
		shape 0
		pos -65.658363 3.41222 3.780003
		radius 1
	}
	GL {
		name bombard15
		shape 0
		pos -87.333801 2.965477 3.780003
		radius 1
	}
	GL {
		name bombard16
		shape 0
		pos -97.385529 2.176811 3.780003
		radius 1
	}
	GL {
		name bombard17
		shape 0
		pos -107.572365 1.893539 3.780003
		radius 1
	}
	GL {
		name bombard18
		shape 0
		pos -116.558037 1.619431 3.780003
		radius 1
	}
	GL {
		name bombard20
		shape 0
		pos -131.298904 -7.87931 3.780003
		radius 1
	}
	GL {
		name bombard21
		shape 0
		pos -131.838577 9.546707 3.780003
		radius 1
	}
	GL {
		name bombards2
		shape 0
		pos 116.488083 0.277395 3.780003
		radius 1
	}
	GL {
		name cannonsplode1
		shape 0
		pos 143.363037 0.336224 8.460004
		radius 1
	}
	GL {
		name cannonsplode2
		shape 0
		pos 133.668335 -8.533005 8.460004
		radius 1
	}
	GL {
		name bombard1
		shape 0
		pos 99.273567 0.648287 3.780003
		radius 1
	}
	GL {
		name bombards1
		shape 0
		pos 107.80883 1.222456 3.780003
		radius 1
	}
	GL {
		name bombards3
		shape 0
		pos 125.971687 -0.87356 3.780003
		radius 1
	}
}
combos {
combo wavecannon {
	pos 140.772766 -0.862988 4.882522
	WO NesthornFortressProps_Debris4 {
		pos 135.525208 -0.890316 5.290003
		scl 2.019999
		id 396
	}
	WO NesthornFortressProps_Debris4 {
		pos 133.883713 -0.87335 5.560006
		scl 1.11
		id 392
	}
	WO TutorialProps_Canister2 {
		pos 132.750137 -0.833786 5.830001
		rot_x 0.007862 -0.810907 0.585123
		rot_y 0.999953 0.009695 0
		rot_z -0.005673 0.585095 0.810945
		scl 1.89
		id 457
	}
	WO NesthornFortressProps_Debris4 {
		pos 131.997726 -0.848721 5.290003
		scl 1.919999
		id 453
	}
	WO TutorialProps_Canister2 {
		pos 131.188171 -0.777682 5.830001
		rot_x 0.007862 -0.810907 0.585123
		rot_y 0.999953 0.009695 0
		rot_z -0.005673 0.585095 0.810945
		scl 1.89
		id 448
	}
	WO NesthornFortressProps_Debris4 {
		pos 130.025635 -0.892616 5.560004
		scl 0.93 0.93 1.02
		id 295
	}
	WO NesthornFortressProps_Debris4 {
		pos 128.036377 -0.890419 5.290003
		rot_x 0.999971 0.007665 0
		rot_y -0.007665 0.999971 0
		scl 2.019999
		id 443
	}
	WO TutorialProps_Canister2 {
		pos 128.85434 -0.847886 5.830001
		rot_x 0.007862 -0.810907 0.585123
		rot_y 0.999953 0.009695 0
		rot_z -0.005673 0.585095 0.810945
		scl 1.89
		id 365
	}
	WO TutorialProps_Canister2 {
		pos 127.142059 -0.833452 5.830001
		rot_x 0.007862 -0.810907 0.585123
		rot_y 0.999953 0.009695 0
		rot_z -0.005673 0.585095 0.810945
		scl 1.89
		id 299
	}
	WO TutorialProps_Canister6 {
		pos 126.871399 -0.901286 5.910014
		rot_x -0.017671 -0.000866 0.999843
		rot_y -0.010936 0.99994 0.000673
		rot_z -0.999784 -0.010922 -0.01768
		scl 1 1 2.629999
		id 438
	}
	WO NesthornFortressProps_BridgeTower {
		pos 131.490768 -1.001851 1.02867
		id 363
	}
	WO FortressPiece_Tower1 {
		pos 146.589905 -0.971703 3.190831
		rot_x -0.09184 0.050396 0.994498
		rot_y -0.995727 0.005073 -0.09221
		rot_z -0.009692 -0.998716 0.049714
		id 12
	}
	WO NesthornFortressProps_Debris1 {
		pos 143.743927 -7.910546 4.596557
		rot_x 0.995774 0.004648 0.091722
		rot_y 0 0.998719 -0.05061
		rot_z -0.09184 0.050396 0.994498
		id 13
	}
	WO NesthornFortressProps_Debris1 {
		pos 143.513611 -6.281544 4.596557
		rot_x 0.995774 0.004648 0.091722
		rot_y 0 0.998719 -0.05061
		rot_z -0.09184 0.050396 0.994498
		id 14
	}
	WO NesthornFortressProps_Debris1 {
		pos 142.433289 -6.234318 4.596557
		rot_x 0.995774 0.004648 0.091722
		rot_y 0 0.998719 -0.05061
		rot_z -0.09184 0.050396 0.994498
		id 15
	}
	WO TutorialProps_Truck2 {
		pos 140.825012 -6.303743 1.290003
		id 469
	}
	WO NesthornFortressProps_Debris1 {
		pos 144.719482 -6.376973 4.596557
		rot_x 0.995774 0.004648 0.091722
		rot_y 0 0.998719 -0.05061
		rot_z -0.09184 0.050396 0.994498
		id 370
	}
	WO SandrimProps_CanistersBroken {
		pos 142.839966 -1.89362 5.103599
		rot_x 0.999659 -0.026089 -0.000801
		rot_y 0.004698 0.14965 0.988728
		rot_z -0.025675 -0.988395 0.149722
		id 368
	}
	WO SandrimProps_CanistersBroken {
		pos 149.657562 -2.042893 5.103599
		rot_x 0.999702 -0.017523 0.016973
		rot_y -0.014164 0.149535 0.988655
		rot_z -0.019862 -0.988601 0.149242
		id 19
	}
	WO TutorialProps_Canister6 {
		pos 143.218933 -2.61531 6.340046
		scl 1.86 1.86 3.329998
		id 20
	}
	WO FortressPiece_Pipe1 {
		pos 140.383926 -0.966294 6.490026
		id 21
	}
	WO SandrimProps_Container {
		pos 139.410019 -0.938399 4.45782
		scl 1.49
		id 22
	}
	WO FortressPiece_Pipe1 {
		pos 142.654327 -0.973216 6.490026
		id 23
	}
	WO FortressPiece_Pipe1 {
		pos 145.039703 -0.937423 6.490026
		id 309
	}
	WO SimpleFortressProps_Building1 {
		pos 148.99057 -1.064988 5.127717
		rot_x 0.017887 0.99984 0
		rot_y -0.99984 0.017887 0
		id 311
	}
	WO SandrimProps_Container {
		pos 145.645721 -0.959876 4.45782
		scl 1.49
		id 26
	}
	WO TutorialProps_Canister2 {
		pos 144.595123 0.538311 5.830001
		rot_x 0.007862 -0.810907 0.585123
		rot_y 0.999953 0.009695 0
		rot_z -0.005673 0.585095 0.810945
		scl 1.89
		id 27
	}
	WO TutorialProps_Canister2 {
		pos 143.007568 0.608333 5.830001
		rot_x 0.007862 -0.810907 0.585123
		rot_y 0.999953 0.009695 0
		rot_z -0.005673 0.585095 0.810945
		scl 1.89
		id 313
	}
	WO TutorialProps_Canister2 {
		pos 141.445587 0.664437 5.830001
		rot_x 0.007862 -0.810907 0.585123
		rot_y 0.999953 0.009695 0
		rot_z -0.005673 0.585095 0.810945
		scl 1.89
		id 29
	}
	WO TutorialProps_Canister2 {
		pos 139.81189 0.75447 5.830001
		rot_x 0.007862 -0.810907 0.585123
		rot_y 0.999953 0.009695 0
		rot_z -0.005673 0.585095 0.810945
		scl 1.89
		id 30
	}
	WO TutorialProps_Canister2 {
		pos 138.099609 0.768905 5.830001
		rot_x 0.007862 -0.810907 0.585123
		rot_y 0.999953 0.009695 0
		rot_z -0.005673 0.585095 0.810945
		scl 1.89
		id 315
	}
	WO FortressPiece_Bars {
		pos 140.79361 1.149387 -0.170058
		rot_x -0.999715 0.023886 0
		rot_y -0.023886 -0.999715 0
		scl 1.789999
		id 32
	}
	WO SandrimProps_CanistersBroken {
		pos 142.841095 0.111213 5.103599
		rot_x -0.999917 0.01288 -0.000801
		rot_y -0.00272 -0.149699 0.988728
		rot_z 0.012615 0.988648 0.149722
		id 317
	}
	WO SandrimProps_CanistersBroken {
		pos 149.414215 -0.066012 5.103599
		rot_x -0.999917 0.01288 -0.000801
		rot_y -0.00272 -0.149699 0.988728
		rot_z 0.012615 0.988648 0.149722
		id 319
	}
	WO FortressPiece_Tower1 {
		pos 146.634521 -1.125466 3.190831
		rot_x 0.084289 -0.053219 -0.995019
		rot_y -0.996385 0.006128 -0.084732
		rot_z 0.010607 0.998564 -0.05251
		id 35
	}
	WO NesthornFortressProps_Debris1 {
		pos 144.705383 4.702696 4.596557
		rot_x 0.995774 0.004648 0.091722
		rot_y 0 0.998719 -0.05061
		rot_z -0.09184 0.050396 0.994498
		id 321
	}
	WO NesthornFortressProps_Debris1 {
		pos 143.596466 4.721589 4.596557
		rot_x 0.995774 0.004648 0.091722
		rot_y 0 0.998719 -0.05061
		rot_z -0.09184 0.050396 0.994498
		id 37
	}
	WO NesthornFortressProps_Debris1 {
		pos 142.516144 4.768815 4.596557
		rot_x 0.995774 0.004648 0.091722
		rot_y 0 0.998719 -0.05061
		rot_z -0.09184 0.050396 0.994498
		id 323
	}
	WO NesthornFortressProps_Debris1 {
		pos 143.823853 5.912425 4.596557
		rot_x 0.995774 0.004648 0.091722
		rot_y 0 0.998719 -0.05061
		rot_z -0.09184 0.050396 0.994498
		id 325
	}
	WO FortressPiece_Pipe5 {
		pos 147.675415 0.601932 8.230013
		rot_x -0.898996 0 -0.437957
		rot_z 0.437957 0 -0.898996
		id 40
	}
	WO FortressPiece_Pipe1 {
		pos 154.427032 -1.061378 6.490026
		id 327
	}
	WO SandrimProps_Container {
		pos 151.624298 -0.995198 4.45782
		scl 1.49
		id 329
	}
	WO FortressPiece_Bars {
		pos 140.785645 -3.100708 -0.170058
		rot_x -0.999715 0.023886 0
		rot_y -0.023886 -0.999715 0
		scl 1.799999
		id 43
	}
}
combo wavecannon {
	pos 130.669296 11.129006 1.582521
	WO NesthornFortressProps_Debris4 {
		pos 125.630318 12.593973 1.990003
		rot_x 0.958768 -0.284192 0
		rot_y 0.284192 0.958768 0
		scl 2.019999
		id 45
	}
	WO NesthornFortressProps_Debris4 {
		pos 124.06134 13.076729 2.260004
		rot_x 0.958768 -0.284192 0
		rot_y 0.284192 0.958768 0
		scl 1.11
		id 474
	}
	WO TutorialProps_Canister2 {
		pos 122.985802 13.436815 2.53
		rot_x -0.222916 -0.779706 0.585123
		rot_y 0.961478 -0.274884 0
		rot_z 0.16084 0.562582 0.810945
		scl 1.89
		id 47
	}
	WO NesthornFortressProps_Debris4 {
		pos 122.26017 13.636318 1.990003
		rot_x 0.958768 -0.284192 0
		rot_y 0.284192 0.958768 0
		scl 1.919999
		id 48
	}
	WO TutorialProps_Canister2 {
		pos 121.504158 13.934507 2.53
		rot_x -0.222916 -0.779706 0.585123
		rot_y 0.961478 -0.274884 0
		rot_z 0.16084 0.562582 0.810945
		scl 1.89
		id 333
	}
	WO NesthornFortressProps_Debris4 {
		pos 120.35688 14.154692 2.260002
		rot_x 0.958768 -0.284192 0
		rot_y 0.284192 0.958768 0
		scl 0.93 0.93 1.02
		id 335
	}
	WO NesthornFortressProps_Debris4 {
		pos 118.450249 14.722136 1.990003
		rot_x 0.960918 -0.276835 0
		rot_y 0.276835 0.960918 0
		scl 2.019999
		id 337
	}
	WO TutorialProps_Canister2 {
		pos 119.246605 14.530456 2.53
		rot_x -0.222916 -0.779706 0.585123
		rot_y 0.961478 -0.274884 0
		rot_z 0.16084 0.562582 0.810945
		scl 1.89
		id 339
	}
	WO TutorialProps_Canister2 {
		pos 117.609009 15.03091 2.53
		rot_x -0.222916 -0.779706 0.585123
		rot_y 0.961478 -0.274884 0
		rot_z 0.16084 0.562582 0.810945
		scl 1.89
		id 341
	}
	WO TutorialProps_Canister6 {
		pos 117.330223 15.042789 2.610012
		rot_x -0.017188 0.004192 0.999843
		rot_y 0.27369 0.961818 0.000673
		rot_z -0.961664 0.273659 -0.01768
		scl 1 1 2.629999
		id 343
	}
	WO NesthornFortressProps_BridgeTower {
		pos 121.730614 13.633578 -2.271332
		rot_x 0.958768 -0.284192 0
		rot_y 0.284192 0.958768 0
		id 345
	}
	WO FortressPiece_Tower1 {
		pos 136.215683 9.371435 -0.109171
		rot_x -0.073731 0.074418 0.994498
		rot_y -0.953229 0.287842 -0.09221
		rot_z -0.29312 -0.954782 0.049714
		id 479
	}
	WO NesthornFortressProps_Debris1 {
		pos 131.51506 3.527503 1.296555
		rot_x 0.956037 -0.278535 0.091722
		rot_y 0.283828 0.957539 -0.05061
		rot_z -0.073731 0.074418 0.994498
		id 57
	}
	WO NesthornFortressProps_Debris1 {
		pos 131.757278 5.15478 1.296555
		rot_x 0.956037 -0.278535 0.091722
		rot_y 0.283828 0.957539 -0.05061
		rot_z -0.073731 0.074418 0.994498
		id 472
	}
	WO NesthornFortressProps_Debris1 {
		pos 130.73497 5.507067 1.296555
		rot_x 0.956037 -0.278535 0.091722
		rot_y 0.283828 0.957539 -0.05061
		rot_z -0.073731 0.074418 0.994498
		id 59
	}
	WO TutorialProps_Truck2 {
		pos 129.173126 5.897597 -2.009999
		rot_x 0.958768 -0.284192 0
		rot_y 0.284192 0.958768 0
		id 60
	}
	WO NesthornFortressProps_Debris1 {
		pos 132.88623 4.720598 1.296555
		rot_x 0.956037 -0.278535 0.091722
		rot_y 0.283828 0.957539 -0.05061
		rot_z -0.073731 0.074418 0.994498
		id 61
	}
	WO SandrimProps_CanistersBroken {
		pos 132.358353 9.553245 1.803598
		rot_x 0.951027 -0.309109 -0.000801
		rot_y 0.047034 0.142144 0.988728
		rot_z -0.30551 -0.940345 0.149722
		id 62
	}
	WO SandrimProps_CanistersBroken {
		pos 138.852493 7.472589 1.803598
		rot_x 0.953502 -0.300908 0.016973
		rot_y 0.028917 0.147395 0.988655
		rot_z -0.299996 -0.942194 0.149242
		id 471
	}
	WO TutorialProps_Canister6 {
		pos 132.516556 8.75361 3.040046
		rot_x 0.958768 -0.284192 0
		rot_y 0.284192 0.958768 0
		scl 1.86 1.86 3.329998
		id 470
	}
	WO FortressPiece_Pipe1 {
		pos 130.267181 11.140306 3.190026
		rot_x 0.958768 -0.284192 0
		rot_y 0.284192 0.958768 0
		id 65
	}
	WO SandrimProps_Container {
		pos 129.341354 11.443823 1.157818
		rot_x 0.958768 -0.284192 0
		rot_y 0.284192 0.958768 0
		scl 1.49
		id 355
	}
	WO FortressPiece_Pipe1 {
		pos 132.441971 10.488436 3.190026
		rot_x 0.958768 -0.284192 0
		rot_y 0.284192 0.958768 0
		id 67
	}
	WO FortressPiece_Pipe1 {
		pos 134.73912 9.84486 3.190026
		rot_x 0.958768 -0.284192 0
		rot_y 0.284192 0.958768 0
		id 359
	}
	WO SimpleFortressProps_Building1 {
		pos 138.490936 8.599725 1.827716
		rot_x 0.301296 0.953531 0
		rot_y -0.953531 0.301296 0
		id 484
	}
	WO SandrimProps_Container {
		pos 135.313766 9.65111 1.157818
		rot_x 0.958768 -0.284192 0
		rot_y 0.284192 0.958768 0
		scl 1.49
		id 70
	}
	WO TutorialProps_Canister2 {
		pos 134.7323 11.386088 2.53
		rot_x -0.222916 -0.779706 0.585123
		rot_y 0.961478 -0.274884 0
		rot_z 0.16084 0.562582 0.810945
		scl 1.89
		id 71
	}
	WO TutorialProps_Canister2 {
		pos 133.230179 11.904375 2.53
		rot_x -0.222916 -0.779706 0.585123
		rot_y 0.961478 -0.274884 0
		rot_z 0.16084 0.562582 0.810945
		scl 1.89
		id 72
	}
	WO TutorialProps_Canister2 {
		pos 131.748581 12.402069 2.53
		rot_x -0.222916 -0.779706 0.585123
		rot_y 0.961478 -0.274884 0
		rot_z 0.16084 0.562582 0.810945
		scl 1.89
		id 73
	}
	WO TutorialProps_Canister2 {
		pos 130.207703 12.952691 2.53
		rot_x -0.222916 -0.779706 0.585123
		rot_y 0.961478 -0.274884 0
		rot_z 0.16084 0.562582 0.810945
		scl 1.89
		id 487
	}
	WO TutorialProps_Canister2 {
		pos 128.570129 13.453144 2.53
		rot_x -0.222916 -0.779706 0.585123
		rot_y 0.961478 -0.274884 0
		rot_z 0.16084 0.562582 0.810945
		scl 1.89
		id 75
	}
	WO FortressPiece_Bars {
		pos 131.261215 13.052323 -3.470059
		rot_x -0.951706 0.307012 0
		rot_y -0.307012 -0.951706 0
		scl 1.789999
		id 76
	}
	WO SandrimProps_CanistersBroken {
		pos 132.929245 11.475071 1.803598
		rot_x -0.955027 0.296517 -0.000801
		rot_y -0.045151 -0.142754 0.988728
		rot_z 0.293061 0.944299 0.149722
		id 77
	}
	WO SandrimProps_CanistersBroken {
		pos 139.181 9.437123 1.803598
		rot_x -0.955027 0.296517 -0.000801
		rot_y -0.045151 -0.142754 0.988728
		rot_z 0.293061 0.944299 0.149722
		id 503
	}
	WO FortressPiece_Tower1 {
		pos 136.214722 9.211341 -0.109171
		rot_x 0.065689 -0.074979 -0.995019
		rot_y -0.95356 0.28904 -0.084732
		rot_z 0.293954 0.954376 -0.05251
		id 79
	}
	WO NesthornFortressProps_Debris1 {
		pos 136.02153 15.347428 1.296555
		rot_x 0.956037 -0.278535 0.091722
		rot_y 0.283828 0.957539 -0.05061
		rot_z -0.073731 0.074418 0.994498
		id 80
	}
	WO NesthornFortressProps_Debris1 {
		pos 134.963684 15.680688 1.296555
		rot_x 0.956037 -0.278535 0.091722
		rot_y 0.283828 0.957539 -0.05061
		rot_z -0.073731 0.074418 0.994498
		id 81
	}
	WO NesthornFortressProps_Debris1 {
		pos 133.941299 16.032928 1.296555
		rot_x 0.956037 -0.278535 0.091722
		rot_y 0.283828 0.957539 -0.05061
		rot_z -0.073731 0.074418 0.994498
		id 82
	}
	WO NesthornFortressProps_Debris1 {
		pos 135.520187 16.757736 1.296555
		rot_x 0.956037 -0.278535 0.091722
		rot_y 0.283828 0.957539 -0.05061
		rot_z -0.073731 0.074418 0.994498
		id 83
	}
	WO FortressPiece_Pipe5 {
		pos 137.70369 10.571682 4.930014
		rot_x -0.861928 0.255488 -0.437957
		rot_y 0.284192 0.958768 0
		rot_z 0.419899 -0.124464 -0.898996
		id 84
	}
	WO FortressPiece_Pipe1 {
		pos 143.704224 7.058195 3.190026
		rot_x 0.958768 -0.284192 0
		rot_y 0.284192 0.958768 0
		id 85
	}
	WO SandrimProps_Container {
		pos 141.035873 7.918159 1.157818
		rot_x 0.958768 -0.284192 0
		rot_y 0.284192 0.958768 0
		scl 1.49
		id 86
	}
	WO FortressPiece_Bars {
		pos 130.0457 8.979736 -3.470059
		rot_x -0.951706 0.307012 0
		rot_y -0.307012 -0.951706 0
		scl 1.799999
		id 87
	}
}
combo wavecannon {
	pos 131.359833 -14.04132 1.732521
	WO NesthornFortressProps_Debris4 {
		pos 126.460724 -15.921524 2.139942
		rot_x 0.935484 0.353435 0
		rot_y -0.353435 0.935484 0
		scl 2.019999
		id 519
	}
	WO NesthornFortressProps_Debris4 {
		pos 124.919205 -16.485828 2.409945
		rot_x 0.935484 0.353435 0
		rot_y -0.353435 0.935484 0
		scl 1.11
		id 90
	}
	WO TutorialProps_Canister2 {
		pos 123.84478 -16.849503 2.67994
		rot_x 0.293959 -0.755815 0.585123
		rot_y 0.932013 0.362488 0
		rot_z -0.212102 0.54534 0.810945
		scl 1.89
		id 91
	}
	WO NesthornFortressProps_Debris4 {
		pos 123.14624 -17.129356 2.139942
		rot_x 0.935484 0.353435 0
		rot_y -0.353435 0.935484 0
		scl 1.919999
		id 92
	}
	WO TutorialProps_Canister2 {
		pos 122.363823 -17.349026 2.67994
		rot_x 0.293959 -0.755815 0.585123
		rot_y 0.932013 0.362488 0
		rot_z -0.212102 0.54534 0.810945
		scl 1.89
		id 93
	}
	WO NesthornFortressProps_Debris4 {
		pos 121.316895 -17.867424 2.409943
		rot_x 0.935484 0.353435 0
		rot_y -0.353435 0.935484 0
		scl 0.93 0.93 1.02
		id 94
	}
	WO NesthornFortressProps_Debris4 {
		pos 119.455254 -18.568462 2.139942
		rot_x 0.932747 0.360595 0
		rot_y -0.360595 0.932747 0
		scl 2.019999
		id 95
	}
	WO TutorialProps_Canister2 {
		pos 120.205383 -18.239574 2.67994
		rot_x 0.293959 -0.755815 0.585123
		rot_y 0.932013 0.362488 0
		rot_z -0.212102 0.54534 0.810945
		scl 1.89
		id 96
	}
	WO TutorialProps_Canister2 {
		pos 118.598549 -18.8312 2.67994
		rot_x 0.293959 -0.755815 0.585123
		rot_y 0.932013 0.362488 0
		rot_z -0.212102 0.54534 0.810945
		scl 1.89
		id 97
	}
	WO TutorialProps_Canister6 {
		pos 118.369263 -18.990276 2.759952
		rot_x -0.016225 -0.007056 0.999843
		rot_y -0.363645 0.931562 0.000673
		rot_z -0.931422 -0.363576 -0.01768
		scl 1 1 2.629999
		id 98
	}
	WO NesthornFortressProps_BridgeTower {
		pos 122.726089 -17.451809 -2.121397
		rot_x 0.935484 0.353435 0
		rot_y -0.353435 0.935484 0
		id 99
	}
	WO FortressPiece_Tower1 {
		pos 136.840134 -12.086926 0.040763
		rot_x -0.103727 0.014685 0.994498
		rot_y -0.933279 -0.347179 -0.09221
		rot_z 0.343915 -0.937708 0.049714
		id 100
	}
	WO NesthornFortressProps_Debris1 {
		pos 136.63028 -19.584007 1.446489
		rot_x 0.929887 0.35629 0.091722
		rot_y -0.352983 0.934285 -0.05061
		rot_z -0.103727 0.014685 0.994498
		id 101
	}
	WO NesthornFortressProps_Debris1 {
		pos 135.838989 -18.141502 1.446489
		rot_x 0.929887 0.35629 0.091722
		rot_y -0.352983 0.934285 -0.05061
		rot_z -0.103727 0.014685 0.994498
		id 102
	}
	WO NesthornFortressProps_Debris1 {
		pos 134.811798 -18.479134 1.446489
		rot_x 0.929887 0.35629 0.091722
		rot_y -0.352983 0.934285 -0.05061
		rot_z -0.103727 0.014685 0.994498
		id 103
	}
	WO TutorialProps_Truck2 {
		pos 133.331711 -19.112492 -1.860065
		rot_x 0.935484 0.353435 0
		rot_y -0.353435 0.935484 0
		id 104
	}
	WO NesthornFortressProps_Debris1 {
		pos 137.000778 -17.804646 1.446489
		rot_x 0.929887 0.35629 0.091722
		rot_y -0.352983 0.934285 -0.05061
		rot_z -0.103727 0.014685 0.994498
		id 105
	}
	WO SandrimProps_CanistersBroken {
		pos 133.658157 -14.274753 1.953532
		rot_x 0.944385 0.32891 -0.000801
		rot_y -0.048497 0.141655 0.988728
		rot_z 0.325316 -0.933702 0.149722
		id 106
	}
	WO SandrimProps_CanistersBroken {
		pos 140.088516 -12.004721 1.953532
		rot_x 0.941398 0.336938 0.016973
		rot_y -0.066101 0.134881 0.988655
		rot_z 0.330827 -0.93184 0.149242
		id 357
	}
	WO TutorialProps_Canister6 {
		pos 134.267624 -14.815918 3.189986
		rot_x 0.935484 0.353435 0
		rot_y -0.353435 0.935484 0
		scl 1.86 1.86 3.329998
		id 108
	}
	WO FortressPiece_Pipe1 {
		pos 131.032822 -14.275386 3.339965
		rot_x 0.935484 0.353435 0
		rot_y -0.353435 0.935484 0
		id 109
	}
	WO SandrimProps_Container {
		pos 130.111877 -14.593508 1.307752
		rot_x 0.935484 0.353435 0
		rot_y -0.353435 0.935484 0
		scl 1.49
		id 110
	}
	WO FortressPiece_Pipe1 {
		pos 133.159027 -13.479388 3.339965
		rot_x 0.935484 0.353435 0
		rot_y -0.353435 0.935484 0
		id 535
	}
	WO FortressPiece_Pipe1 {
		pos 135.377792 -12.602854 3.339965
		rot_x 0.935484 0.353435 0
		rot_y -0.353435 0.935484 0
		id 112
	}
	WO SimpleFortressProps_Building1 {
		pos 139.118774 -11.325696 1.97765
		rot_x -0.336646 0.941655 0
		rot_y -0.941655 -0.336646 0
		id 113
	}
	WO SandrimProps_Container {
		pos 135.952728 -12.409639 1.307752
		rot_x 0.935484 0.353435 0
		rot_y -0.353435 0.935484 0
		scl 1.49
		id 114
	}
	WO TutorialProps_Canister2 {
		pos 134.440399 -11.379343 2.67994
		rot_x 0.293959 -0.755815 0.585123
		rot_y 0.932013 0.362488 0
		rot_z -0.212102 0.54534 0.810945
		scl 1.89
		id 115
	}
	WO TutorialProps_Canister2 {
		pos 132.930664 -11.875034 2.67994
		rot_x 0.293959 -0.755815 0.585123
		rot_y 0.932013 0.362488 0
		rot_z -0.212102 0.54534 0.810945
		scl 1.89
		id 116
	}
	WO TutorialProps_Canister2 {
		pos 131.44957 -12.374693 2.67994
		rot_x 0.293959 -0.755815 0.585123
		rot_y 0.932013 0.362488 0
		rot_z -0.212102 0.54534 0.810945
		scl 1.89
		id 117
	}
	WO TutorialProps_Canister2 {
		pos 129.88945 -12.867762 2.67994
		rot_x 0.293959 -0.755815 0.585123
		rot_y 0.932013 0.362488 0
		rot_z -0.212102 0.54534 0.810945
		scl 1.89
		id 118
	}
	WO TutorialProps_Canister2 {
		pos 128.282532 -13.459457 2.67994
		rot_x 0.293959 -0.755815 0.585123
		rot_y 0.932013 0.362488 0
		rot_z -0.212102 0.54534 0.810945
		scl 1.89
		id 119
	}
	WO FortressPiece_Bars {
		pos 130.668396 -12.151314 -3.320125
		rot_x -0.943659 -0.330991 0
		rot_y 0.330991 -0.943659 0
		scl 1.789999
		id 120
	}
	WO SandrimProps_CanistersBroken {
		pos 132.950623 -12.398914 1.953532
		rot_x -0.939958 -0.341357 -0.000801
		rot_y 0.050365 -0.141002 0.988728
		rot_z -0.337622 0.929322 0.149722
		id 121
	}
	WO SandrimProps_CanistersBroken {
		pos 139.162064 -10.241354 1.953532
		rot_x -0.939958 -0.341357 -0.000801
		rot_y 0.050365 -0.141002 0.988728
		rot_z -0.337622 0.929322 0.149722
		id 122
	}
	WO FortressPiece_Tower1 {
		pos 136.936234 -12.21501 0.040763
		rot_x 0.097661 -0.019994 -0.995019
		rot_y -0.934268 -0.346426 -0.084732
		rot_z -0.343006 0.937889 -0.05251
		id 123
	}
	WO NesthornFortressProps_Debris1 {
		pos 133.071747 -7.444727 1.446489
		rot_x 0.929887 0.35629 0.091722
		rot_y -0.352983 0.934285 -0.05061
		rot_z -0.103727 0.014685 0.994498
		id 124
	}
	WO NesthornFortressProps_Debris1 {
		pos 132.027756 -7.818995 1.446489
		rot_x 0.929887 0.35629 0.091722
		rot_y -0.352983 0.934285 -0.05061
		rot_z -0.103727 0.014685 0.994498
		id 125
	}
	WO NesthornFortressProps_Debris1 {
		pos 131.000458 -8.156681 1.446489
		rot_x 0.929887 0.35629 0.091722
		rot_y -0.352983 0.934285 -0.05061
		rot_z -0.103727 0.014685 0.994498
		id 126
	}
	WO NesthornFortressProps_Debris1 {
		pos 131.819489 -6.624666 1.446489
		rot_x 0.929887 0.35629 0.091722
		rot_y -0.352983 0.934285 -0.05061
		rot_z -0.103727 0.014685 0.994498
		id 127
	}
	WO FortressPiece_Pipe5 {
		pos 137.299393 -10.231165 5.079961
		rot_x -0.840998 -0.317737 -0.437957
		rot_y -0.353435 0.935484 0
		rot_z 0.409703 0.15479 -0.898996
		id 128
	}
	WO FortressPiece_Pipe1 {
		pos 144.203201 -9.400898 3.339965
		rot_x 0.935484 0.353435 0
		rot_y -0.353435 0.935484 0
		id 129
	}
	WO SandrimProps_Container {
		pos 141.55806 -10.329559 1.307752
		rot_x 0.935484 0.353435 0
		rot_y -0.353435 0.935484 0
		scl 1.49
		id 130
	}
	WO FortressPiece_Bars {
		pos 132.162903 -16.130032 -3.320125
		rot_x -0.943659 -0.330991 0
		rot_y 0.330991 -0.943659 0
		scl 1.799999
		id 131
	}
}
combo radioshack {
	pos 126.514297 -8.177122 0.00001
	WO ValleyProps_TrainLight {
		pos 127.254448 -7.614831 -0.489316
		id 551
	}
	WO IronHand_LandingLight {
		pos 127.277328 -7.578652 3.435941
		id 134
	}
	WO SimpleProps_FortressFenceShort {
		pos 127.710419 -8.840426 -0.589315
		id 135
	}
	WO SimpleProps_Shed {
		pos 126.193802 -9.165944 -0.589305
		rot_x 0.023701 -0.993757 0.109024
		rot_y 0.999716 0.023843 0
		rot_z -0.002599 0.108993 0.994039
		scl 0.71
		id 136
	}
	WO BarrelSmokey {
		pos 126.692635 -7.871035 -0.58931
		id 137
	}
	WO SimpleProps_Antenna {
		pos 125.841316 -7.481796 -0.589314
		id 138
	}
	WO SimpleProps_FortressFenceShort {
		pos 124.630219 -8.687167 -0.589315
		rot_x -0.998308 -0.058146 0
		rot_y 0.058146 -0.998308 0
		id 139
	}
}
combo ironhandbarrier1 {
	pos 157.512009 -1.238306 6.510002
	WO FortressPiece_Bars {
		pos 153.948273 -2.546903 5.579701
		rot_x -0.016457 -0.999122 0.037898
		rot_y 0.397968 -0.041317 -0.916469
		rot_z 0.917252 0 0.398307
		id 141
	}
	WO FortressPiece_Bars {
		pos 153.990509 0.247943 5.482415
		rot_x 0.016457 0.999122 -0.037898
		rot_y -0.397968 0.041317 0.916469
		rot_z 0.917252 0 0.398307
		id 142
	}
	WO IronHand_ArmorPlate {
		pos 157.995926 1.745382 6.828115
		rot_x -0.020983 -0.999452 0.024644
		rot_y -0.117011 -0.022025 -0.992886
		rot_z 0.992909 -0.023718 -0.116488
		scl 0.51
		id 143
	}
	WO TutorialProps_Vent {
		pos 158.326218 0.19543 6.750934
		rot_x -0.917252 0 -0.398307
		rot_y -0.016457 -0.999122 0.037898
		rot_z -0.397968 0.041317 0.916469
		id 144
	}
	WO TutorialProps_Vent {
		pos 159.848999 0.12708 6.708813
		rot_x -0.917252 0 -0.398307
		rot_y -0.016457 -0.999122 0.037898
		rot_z -0.397968 0.041317 0.916469
		id 145
	}
	WO TutorialProps_Vent {
		pos 159.802399 -2.814323 6.816028
		rot_x -0.917252 0 -0.398307
		rot_y -0.016457 -0.999122 0.037898
		rot_z -0.397968 0.041317 0.916469
		id 146
	}
	WO TutorialProps_Vent {
		pos 158.279678 -2.745967 6.858108
		rot_x -0.917252 0 -0.398307
		rot_y -0.016457 -0.999122 0.037898
		rot_z -0.397968 0.041317 0.916469
		id 147
	}
	WO IronHand_ArmorPlate {
		pos 157.899124 -4.114541 7.051173
		rot_x -0.020983 -0.999452 0.024644
		rot_y -0.117011 -0.022025 -0.992886
		rot_z 0.992909 -0.023718 -0.116488
		scl 0.51
		id 148
	}
}
combo ironhandbarrier1 {
	pos 152.379501 10.507807 3.959999
}
combo ironhandbarrier1 {
	pos 128.027451 -1.57688 -0.149996
	WO FortressPiece_Bars {
		pos 124.463715 -2.885476 -1.080298
		rot_x -0.016457 -0.999122 0.037898
		rot_y 0.397968 -0.041317 -0.916469
		rot_z 0.917252 0 0.398307
		id 150
	}
	WO FortressPiece_Bars {
		pos 124.505951 -0.090631 -1.177583
		rot_x 0.016457 0.999122 -0.037898
		rot_y -0.397968 0.041317 0.916469
		rot_z 0.917252 0 0.398307
		id 151
	}
	WO IronHand_ArmorPlate {
		pos 128.511383 1.406808 0.168118
		rot_x -0.020983 -0.999452 0.024644
		rot_y -0.117011 -0.022025 -0.992886
		rot_z 0.992909 -0.023718 -0.116488
		scl 0.51
		id 152
	}
	WO TutorialProps_Vent {
		pos 128.841644 -0.143143 0.090936
		rot_x -0.917252 0 -0.398307
		rot_y -0.016457 -0.999122 0.037898
		rot_z -0.397968 0.041317 0.916469
		id 153
	}
	WO TutorialProps_Vent {
		pos 130.364441 -0.211493 0.048814
		rot_x -0.917252 0 -0.398307
		rot_y -0.016457 -0.999122 0.037898
		rot_z -0.397968 0.041317 0.916469
		id 154
	}
	WO TutorialProps_Vent {
		pos 130.317841 -3.152896 0.156031
		rot_x -0.917252 0 -0.398307
		rot_y -0.016457 -0.999122 0.037898
		rot_z -0.397968 0.041317 0.916469
		id 155
	}
	WO TutorialProps_Vent {
		pos 128.795105 -3.08454 0.19811
		rot_x -0.917252 0 -0.398307
		rot_y -0.016457 -0.999122 0.037898
		rot_z -0.397968 0.041317 0.916469
		id 156
	}
	WO IronHand_ArmorPlate {
		pos 128.414581 -4.453115 0.391174
		rot_x -0.020983 -0.999452 0.024644
		rot_y -0.117011 -0.022025 -0.992886
		rot_z 0.992909 -0.023718 -0.116488
		scl 0.51
		id 157
	}
}
combo ironhandbarrier1 {
	pos 13.278831 -51.223419 3.659998
	WO FortressPiece_Bars {
		pos 12.847919 -52.582729 0.021391
		rot_x 0.060133 -0.998191 0
		rot_y 0.998191 0.060133 0
		id 159
	}
	WO FortressPiece_Bars {
		pos 12.670217 -49.791389 0.021391
		rot_x -0.060133 0.998191 0
		rot_y -0.998191 -0.060133 0
		id 160
	}
	WO IronHand_ArmorPlate {
		pos 12.877659 -48.265041 4.231421
		rot_x 0.070469 -0.997471 -0.009431
		rot_y 0.861906 0.065645 -0.502803
		rot_z 0.50215 0.027302 0.86435
		scl 0.51
		id 161
	}
	WO TutorialProps_Vent {
		pos 13.23603 -49.786541 4.503606
		rot_x 0 0 -1
		rot_y 0.060133 -0.998191 0
		rot_z -0.998191 -0.060133 0
		id 162
	}
	WO TutorialProps_Vent {
		pos 13.884805 -49.789188 5.883608
		rot_x 0 0 -1
		rot_y 0.060133 -0.998191 0
		rot_z -0.998191 -0.060133 0
		id 163
	}
	WO TutorialProps_Vent {
		pos 14.066561 -52.727444 5.883608
		rot_x 0 0 -1
		rot_y 0.060133 -0.998191 0
		rot_z -0.998191 -0.060133 0
		id 164
	}
	WO TutorialProps_Vent {
		pos 13.41781 -52.724789 4.503606
		rot_x 0 0 -1
		rot_y 0.060133 -0.998191 0
		rot_z -0.998191 -0.060133 0
		id 165
	}
	WO IronHand_ArmorPlate {
		pos 13.229513 -54.119614 4.231421
		rot_x 0.070469 -0.997471 -0.009431
		rot_y 0.861906 0.065645 -0.502803
		rot_z 0.50215 0.027302 0.86435
		scl 0.51
		id 166
	}
}
combo ironhandbarrier1 {
	pos 8.32589 47.718323 3.48
	WO FortressPiece_Bars {
		pos 7.674037 46.377754 -0.13264
		rot_x 0.019142 -0.999822 -0.000875
		rot_y 0.998776 0.019162 -0.045643
		rot_z 0.045651 0 0.998959
		id 168
	}
	WO FortressPiece_Bars {
		pos 7.610982 49.174038 -0.129758
		rot_x -0.019142 0.999822 0.000875
		rot_y -0.998776 -0.019162 0.045643
		rot_z 0.045651 0 0.998959
		id 169
	}
	WO IronHand_ArmorPlate {
		pos 8.072725 50.69059 4.06357
		rot_x 0.029057 -0.999525 -0.010769
		rot_y 0.84002 0.030256 -0.541716
		rot_z 0.541782 0.006694 0.840495
		scl 0.51
		id 170
	}
	WO TutorialProps_Vent {
		pos 8.380554 49.155663 4.321972
		rot_x -0.045651 0 -0.998959
		rot_y 0.019142 -0.999822 -0.000875
		rot_z -0.998776 -0.019162 0.045643
		id 171
	}
	WO TutorialProps_Vent {
		pos 9.090979 49.126438 5.670952
		rot_x -0.045651 0 -0.998959
		rot_y 0.019142 -0.999822 -0.000875
		rot_z -0.998776 -0.019162 0.045643
		id 172
	}
	WO TutorialProps_Vent {
		pos 9.152063 46.183086 5.668159
		rot_x -0.045651 0 -0.998959
		rot_y 0.019142 -0.999822 -0.000875
		rot_z -0.998776 -0.019162 0.045643
		id 173
	}
	WO TutorialProps_Vent {
		pos 8.441639 46.212303 4.31918
		rot_x -0.045651 0 -0.998959
		rot_y 0.019142 -0.999822 -0.000875
		rot_z -0.998776 -0.019162 0.045643
		id 174
	}
	WO IronHand_ArmorPlate {
		pos 8.184164 44.826347 4.058478
		rot_x 0.029057 -0.999525 -0.010769
		rot_y 0.84002 0.030256 -0.541716
		rot_z 0.541782 0.006694 0.840495
		scl 0.51
		id 175
	}
}
combo ironhandbarrier1 {
	pos 8.866413 24.026133 3.48
	WO FortressPiece_Bars {
		pos 8.214559 22.685528 -0.132642
		rot_x 0.019142 -0.999822 -0.000875
		rot_y 0.998776 0.019162 -0.045643
		rot_z 0.045651 0 0.998959
		id 177
	}
	WO FortressPiece_Bars {
		pos 8.151504 25.481813 -0.129761
		rot_x -0.019142 0.999822 0.000875
		rot_y -0.998776 -0.019162 0.045643
		rot_z 0.045651 0 0.998959
		id 178
	}
	WO IronHand_ArmorPlate {
		pos 8.613247 26.998362 4.063572
		rot_x 0.029057 -0.999525 -0.010769
		rot_y 0.84002 0.030256 -0.541716
		rot_z 0.541782 0.006694 0.840495
		scl 0.51
		id 179
	}
	WO TutorialProps_Vent {
		pos 8.921076 25.463434 4.321974
		rot_x -0.045651 0 -0.998959
		rot_y 0.019142 -0.999822 -0.000875
		rot_z -0.998776 -0.019162 0.045643
		id 180
	}
	WO TutorialProps_Vent {
		pos 9.6315 25.434214 5.670954
		rot_x -0.045651 0 -0.998959
		rot_y 0.019142 -0.999822 -0.000875
		rot_z -0.998776 -0.019162 0.045643
		id 181
	}
	WO TutorialProps_Vent {
		pos 9.692585 22.49086 5.66816
		rot_x -0.045651 0 -0.998959
		rot_y 0.019142 -0.999822 -0.000875
		rot_z -0.998776 -0.019162 0.045643
		id 182
	}
	WO TutorialProps_Vent {
		pos 8.982161 22.520077 4.319181
		rot_x -0.045651 0 -0.998959
		rot_y 0.019142 -0.999822 -0.000875
		rot_z -0.998776 -0.019162 0.045643
		id 183
	}
	WO IronHand_ArmorPlate {
		pos 8.724686 21.134121 4.058479
		rot_x 0.029057 -0.999525 -0.010769
		rot_y 0.84002 0.030256 -0.541716
		rot_z 0.541782 0.006694 0.840495
		scl 0.51
		id 184
	}
}
combo ironhandbarrier1 {
	pos 1.393036 -27.083963 3.48
	WO FortressPiece_Bars {
		pos 0.741183 -28.424538 -0.132642
		rot_x 0.019142 -0.999822 -0.000875
		rot_y 0.998776 0.019162 -0.045643
		rot_z 0.045651 0 0.998959
		id 186
	}
	WO FortressPiece_Bars {
		pos 0.678128 -25.62825 -0.129761
		rot_x -0.019142 0.999822 0.000875
		rot_y -0.998776 -0.019162 0.045643
		rot_z 0.045651 0 0.998959
		id 187
	}
	WO IronHand_ArmorPlate {
		pos 1.139871 -24.111702 4.063571
		rot_x 0.029057 -0.999525 -0.010769
		rot_y 0.84002 0.030256 -0.541716
		rot_z 0.541782 0.006694 0.840495
		scl 0.51
		id 188
	}
	WO TutorialProps_Vent {
		pos 1.4477 -25.646629 4.321973
		rot_x -0.045651 0 -0.998959
		rot_y 0.019142 -0.999822 -0.000875
		rot_z -0.998776 -0.019162 0.045643
		id 189
	}
	WO TutorialProps_Vent {
		pos 2.158124 -25.67585 5.670953
		rot_x -0.045651 0 -0.998959
		rot_y 0.019142 -0.999822 -0.000875
		rot_z -0.998776 -0.019162 0.045643
		id 190
	}
	WO TutorialProps_Vent {
		pos 2.21921 -28.619205 5.668159
		rot_x -0.045651 0 -0.998959
		rot_y 0.019142 -0.999822 -0.000875
		rot_z -0.998776 -0.019162 0.045643
		id 191
	}
	WO TutorialProps_Vent {
		pos 1.508785 -28.589989 4.31918
		rot_x -0.045651 0 -0.998959
		rot_y 0.019142 -0.999822 -0.000875
		rot_z -0.998776 -0.019162 0.045643
		id 192
	}
	WO IronHand_ArmorPlate {
		pos 1.25131 -29.975945 4.058478
		rot_x 0.029057 -0.999525 -0.010769
		rot_y 0.84002 0.030256 -0.541716
		rot_z 0.541782 0.006694 0.840495
		scl 0.51
		id 193
	}
}
combo wavecannon {
	pos -40.736061 19.299032 -11.886349
}
combo ironhandbarrier1 {
	pos 52.956364 10.552163 3.48
	WO FortressPiece_Bars {
		pos 52.304508 9.211589 -0.132642
		rot_x 0.019142 -0.999822 -0.000875
		rot_y 0.998776 0.019162 -0.045643
		rot_z 0.045651 0 0.998959
		id 195
	}
	WO FortressPiece_Bars {
		pos 52.241455 12.007876 -0.129761
		rot_x -0.019142 0.999822 0.000875
		rot_y -0.998776 -0.019162 0.045643
		rot_z 0.045651 0 0.998959
		id 196
	}
	WO IronHand_ArmorPlate {
		pos 52.703197 13.524424 4.063571
		rot_x 0.029057 -0.999525 -0.010769
		rot_y 0.84002 0.030256 -0.541716
		rot_z 0.541782 0.006694 0.840495
		scl 0.51
		id 197
	}
	WO TutorialProps_Vent {
		pos 53.011028 11.989497 4.321973
		rot_x -0.045651 0 -0.998959
		rot_y 0.019142 -0.999822 -0.000875
		rot_z -0.998776 -0.019162 0.045643
		id 198
	}
	WO TutorialProps_Vent {
		pos 53.721451 11.960277 5.670953
		rot_x -0.045651 0 -0.998959
		rot_y 0.019142 -0.999822 -0.000875
		rot_z -0.998776 -0.019162 0.045643
		id 199
	}
	WO TutorialProps_Vent {
		pos 53.782536 9.016921 5.668159
		rot_x -0.045651 0 -0.998959
		rot_y 0.019142 -0.999822 -0.000875
		rot_z -0.998776 -0.019162 0.045643
		id 200
	}
	WO TutorialProps_Vent {
		pos 53.072113 9.046138 4.31918
		rot_x -0.045651 0 -0.998959
		rot_y 0.019142 -0.999822 -0.000875
		rot_z -0.998776 -0.019162 0.045643
		id 201
	}
	WO IronHand_ArmorPlate {
		pos 52.81464 7.660182 4.058478
		rot_x 0.029057 -0.999525 -0.010769
		rot_y 0.84002 0.030256 -0.541716
		rot_z 0.541782 0.006694 0.840495
		scl 0.51
		id 202
	}
}
combo ironhandbarrier1 {
	pos 53.111549 -6.37114 3.48
	WO FortressPiece_Bars {
		pos 52.459694 -7.711714 -0.132642
		rot_x 0.019142 -0.999822 -0.000875
		rot_y 0.998776 0.019162 -0.045643
		rot_z 0.045651 0 0.998959
		id 204
	}
	WO FortressPiece_Bars {
		pos 52.396641 -4.915426 -0.129761
		rot_x -0.019142 0.999822 0.000875
		rot_y -0.998776 -0.019162 0.045643
		rot_z 0.045651 0 0.998959
		id 205
	}
	WO IronHand_ArmorPlate {
		pos 52.858383 -3.39888 4.063571
		rot_x 0.029057 -0.999525 -0.010769
		rot_y 0.84002 0.030256 -0.541716
		rot_z 0.541782 0.006694 0.840495
		scl 0.51
		id 206
	}
	WO TutorialProps_Vent {
		pos 53.166214 -4.933805 4.321973
		rot_x -0.045651 0 -0.998959
		rot_y 0.019142 -0.999822 -0.000875
		rot_z -0.998776 -0.019162 0.045643
		id 207
	}
	WO TutorialProps_Vent {
		pos 53.876637 -4.963026 5.670953
		rot_x -0.045651 0 -0.998959
		rot_y 0.019142 -0.999822 -0.000875
		rot_z -0.998776 -0.019162 0.045643
		id 208
	}
	WO TutorialProps_Vent {
		pos 53.937721 -7.906382 5.668159
		rot_x -0.045651 0 -0.998959
		rot_y 0.019142 -0.999822 -0.000875
		rot_z -0.998776 -0.019162 0.045643
		id 209
	}
	WO TutorialProps_Vent {
		pos 53.227299 -7.877165 4.31918
		rot_x -0.045651 0 -0.998959
		rot_y 0.019142 -0.999822 -0.000875
		rot_z -0.998776 -0.019162 0.045643
		id 210
	}
	WO IronHand_ArmorPlate {
		pos 52.969826 -9.263121 4.058478
		rot_x 0.029057 -0.999525 -0.010769
		rot_y 0.84002 0.030256 -0.541716
		rot_z 0.541782 0.006694 0.840495
		scl 0.51
		id 211
	}
}
combo conduitcomplex {
	pos -45.5056 14.159061 -17.549997
	WO TutorialProps_Canister1 {
		pos -44.132126 24.233242 -14.163332
		rot_x 0 0.87339 -0.487021
		rot_y -1 0 0
		rot_z 0 0.487021 0.87339
		scl 5
		id 213
	}
	WO TutorialProps_Canister1 {
		pos -46.645874 24.224857 -14.163332
		rot_x 0 0.87339 -0.487021
		rot_y -1 0 0
		rot_z 0 0.487021 0.87339
		scl 5
		id 214
	}
	WO TutorialProps_Transport {
		pos -45.380341 21.102482 -14.574412
		rot_x -0.999784 0.020772 0
		rot_y -0.020772 -0.999784 0
		scl 2.319999
		id 215
	}
	WO TutorialProps_Transport {
		pos -45.370506 15.338932 -14.574412
		rot_x -0.999784 0.020772 0
		rot_y -0.020772 -0.999784 0
		scl 2.319999
		id 216
	}
	WO TutorialProps_Canister2 {
		pos -45.055618 20.224567 -10.687466
		rot_x 0 1 0
		rot_y -1 0 0
		scl 3.139998
		id 217
	}
	WO TutorialProps_Canister2 {
		pos -45.283859 17.756092 -10.687466
		rot_x 0 1 0
		rot_y -1 0 0
		scl 3.139998
		id 218
	}
	WO TutorialProps_Canister2 {
		pos -45.443077 15.410923 -10.687466
		rot_x 0 1 0
		rot_y -1 0 0
		scl 3.139998
		id 219
	}
	WO NesthornFortressProps_Debris4 {
		pos -45.439476 13.746822 -12.216235
		rot_x -0.99981 -0.019513 0
		rot_y 0.019512 -0.999779 0.00787
		rot_z -0.000154 0.007868 0.999969
		scl 2.939999
		id 220
	}
	WO FortressPiece_Pipe4 {
		pos -47.730858 15.13802 -22.059145
		rot_x 0 1 0
		rot_y -1 0 0.000651
		rot_z 0.000651 0 1
		scl 2.479999
		id 221
	}
	WO SaltLight {
		pos -42.756706 11.200947 -21.817076
		rot_x 0.000169 0.999895 0.014473
		rot_y -0.999932 0 0.011651
		rot_z 0.01165 -0.014474 0.999827
		scl 1.7
		id 222
	}
	WO SaltLight {
		pos -42.755608 10.032505 -21.817076
		rot_x 0.000169 0.999895 0.014473
		rot_y -0.999932 0 0.011651
		rot_z 0.01165 -0.014474 0.999827
		scl 1.7
		id 223
	}
	WO SaltLight {
		pos -42.697968 8.977955 -21.817076
		rot_x 0.000169 0.999895 0.014473
		rot_y -0.999932 0 0.011651
		rot_z 0.01165 -0.014474 0.999827
		scl 1.7
		id 224
	}
	WO SaltLight {
		pos -42.736282 7.839695 -21.817076
		rot_x 0.000169 0.999895 0.014473
		rot_y -0.999932 0 0.011651
		rot_z 0.01165 -0.014474 0.999827
		scl 1.7
		id 225
	}
	WO SaltLight {
		pos -48.041367 7.196171 -21.817076
		rot_x 0.10724 -0.994128 0.014473
		rot_y 0.994146 0.107411 0.011651
		rot_z -0.013137 0.013139 0.999827
		scl 1.7
		id 226
	}
	WO SaltLight {
		pos -48.003044 8.334431 -21.817076
		rot_x 0.10724 -0.994128 0.014473
		rot_y 0.994146 0.107411 0.011651
		rot_z -0.013137 0.013139 0.999827
		scl 1.7
		id 227
	}
	WO SaltLight {
		pos -48.060692 9.388981 -21.817076
		rot_x 0.10724 -0.994128 0.014473
		rot_y 0.994146 0.107411 0.011651
		rot_z -0.013137 0.013139 0.999827
		scl 1.7
		id 228
	}
