// map: wall

// level embedded console commands 
CONSOLE gameUI enable PressAText
CONSOLE gameUI disable LoadingText
CONSOLE sym set IsLoaded 1
CONSOLE_IMMEDIATE rook setCreepLimit 6
CONSOLE_IMMEDIATE rook setLevelExpReqMult 1.8
CONSOLE_IMMEDIATE sym set S_Wave 0
CONSOLE_IMMEDIATE gfx reloadMasterMaterial master_Canyon.mtl ToMoss
CONSOLE_IMMEDIATE gfx reloadMasterMaterial master_EnvironmentMapped.mtl Canyon
CONSOLE_IMMEDIATE sym set IronHandSurvivalEnemies 1
CONSOLE_IMMEDIATE sym set ShowPlayerScore 1
CONSOLE_EXIT_IMMEDIATE sym set ShowPlayerScore 0
CONSOLE_EXIT_IMMEDIATE sym set IronHandSurvivalEnemies 0

mapInfo {
	MAPNAME wall
	MAPAUTHOR CarbonGames
	MAPDESCRIPTION Sandrim
	SKYBOX mat_SkyBlueSmallClouds
	TILESET Canyon
	EDGING ToMoss
	GAMEMODE custom
	GAMESTYLE Survival
	PREGAME 3
	PREGAME_RADIUS 55
}

mapBounds {
	LEVELCAMERA_ZROT 45
	AutoExtShadowCheckAtZHeight 1000
	FORCEBOX -110 67 -70 103 1 45
	MAPEXTMIN -116 -116 0
	MAPEXTMAX 116 116 0
	CAMERAEXTMIN -98 -54
	CAMERAEXTMAX 58 90
}

mapBalance {
}

editorSettings {
	TerrainSelectionActive Editor_Canyon
	TerrainArrayX 30
	TerrainArrayY 30
	TerrainPatternActive Editor_PatternSquare
}

planeZones {
  KILLPLANE -6
  TRANSFORMPLANE -4
}

fogValues {
	FOGCOLOR 51 63.75 51 255
	FOGARGS 12 19
	DFOGCOLOR 201.21106 211.171875 239.0625 255
	DFOGCOLOR2 201.210938 211.171875 239.0625 255
	DFOGARGS 90 150
	DFOGARGS2 90 150
	CANVASCOLOR 0 0 0 0
}

gamelocations {
	GL {
		name center
		shape 0
		pos -7.694025 -90.438293 -0.000008
		radius 1
	}
	GL {
		name Unknown
		shape 0
		pos -4.713301 -90.534409 0.000046
		radius 1
	}
	GL {
		name left
		shape 0
		pos -125.092087 -4.145564 0.009972
		radius 1
	}
	GL {
		name right
		shape 0
		pos 123.861252 -3.834553 0.00016
		radius 1
	}
	GL {
		name bombard13
		shape 0
		pos -17.843559 -16.967613 24.180035
		radius 1
	}
	GL {
		name bombard11
		shape 0
		pos 16.339195 -12.066031 24.180035
		radius 1
	}
	GL {
		name bombard14
		shape 0
		pos -1.872408 -23.894028 24.180035
		radius 1
	}
	GL {
		name bombard4
		shape 0
		pos 15.711885 29.984276 24.180035
		radius 1
	}
	GL {
		name bombard5
		shape 0
		pos -1.981613 13.813179 24.180035
		radius 1
	}
	GL {
		name bombard6
		shape 0
		pos -16.121826 9.924732 22.769997
		radius 1
	}
	GL {
		name bombard10
		shape 0
		pos 19.771704 2.047119 24.180035
		radius 1
	}
	GL {
		name bombard7
		shape 0
		pos 10.065678 13.46767 24.180035
		radius 1
	}
	GL {
		name bombard8
		shape 0
		pos -12.263735 -2.01791 24.180035
		radius 1
	}
	GL {
		name bombard15
		shape 0
		pos 13.062233 -23.014189 24.180035
		radius 1
	}
	GL {
		name bombard12
		shape 0
		pos -2.636324 -10.946192 24.180035
		radius 1
	}
	GL {
		name bombard16
		shape 0
		pos -3.487747 -40.66478 24.180035
		radius 1
	}
	GL {
		name bombard1
		shape 0
		pos -3.488698 51.727848 24.180035
		radius 1
	}
	GL {
		name bombard3
		shape 0
		pos -22.284166 21.418949 24.180035
		radius 1
	}
	GL {
		name bombard2
		shape 0
		pos -7.809362 33.952297 24.180035
		radius 1
	}
	GL {
		name bombard9
		shape 0
		pos 5.120792 2.254013 22.769997
		radius 1
	}
	GL {
		name bombard20
		shape 0
		pos -3.020851 39.365921 22.769981
		radius 1
	}
	GL {
		name bombard21
		shape 0
		pos -6.097736 24.18482 22.768591
		radius 1
	}
	GL {
		name bombard22
		shape 0
		pos 5.826378 9.438843 22.769997
		radius 1
	}
	GL {
		name bombard23
		shape 0
		pos -3.947903 0.511185 22.769997
		radius 1
	}
	GL {
		name bombard24
		shape 0
		pos -8.406803 -19.439972 22.767593
		radius 1
	}
	GL {
		name bombard25
		shape 0
		pos 12.001202 -31.153107 22.769987
		radius 1
	}
	GL {
		name bombard26
		shape 0
		pos 1.940277 -36.981369 22.769997
		radius 1
	}
	GL {
		name bombard27
		shape 0
		pos -10.576447 -36.705173 22.769997
		radius 1
	}
	GL {
		name bombard18
		shape 0
		pos -10.697708 62.676041 25.770624
		radius 1
	}
	GL {
		name bombard17
		shape 0
		pos 6.043945 64.98291 25.488653
		radius 1
	}
	GL {
		name bombard19
		shape 0
		pos -4.035472 57.573128 25.769999
		radius 1
	}
}
combos {
combo walltuft {
	pos -25.349037 39.868839 -0.211592
	WO CanyonPlantGrassN {
		pos -23.264778 38.584408 0.161375
		rot_x 0.394631 0.918746 0.013079
		rot_y -0.918691 0.394784 -0.012376
		rot_z -0.016534 -0.007132 0.999838
		id 223
	}
	WO CanyonPlantTreeC {
		pos -26.131586 41.238091 1.309055
		rot_x 0.959664 -0.281148 0
		rot_y 0.281148 0.959664 0
		scl 1.51
		id 2
	}
	WO CanyonPlantTreeB {
		pos -27.268522 38.031254 -1.47
		rot_x -0.53497 0.844871 0
		rot_y -0.844871 -0.53497 0
		scl 0.410001
		id 3
	}
	WO CanyonPlantBushB {
		pos -26.773998 35.379436 0.10001
		id 4
	}
	WO CanyonPlantTreeB {
		pos -23.586151 41.823135 -1.47
		rot_x 0.859497 -0.51114 0
		rot_y 0.51114 0.859497 0
		scl 0.600001
		id 5
	}
	WO CanyonPlantBushB {
		pos -25.069187 44.156715 0.10001
		rot_x -0.985939 0.167106 0
		rot_y -0.167106 -0.985939 0
		id 6
	}
}
combo walltuft {
	pos -31.477545 60.524677 2.758408
	WO CanyonPlantGrassN {
		pos -29.393286 59.240246 3.131374
		rot_x 0.394631 0.918746 0.013079
		rot_y -0.918691 0.394784 -0.012376
		rot_z -0.016534 -0.007132 0.999838
		id 225
	}
	WO CanyonPlantTreeC {
		pos -32.260094 61.893929 4.279055
		rot_x 0.959664 -0.281148 0
		rot_y 0.281148 0.959664 0
		scl 1.51
		id 9
	}
	WO CanyonPlantTreeB {
		pos -33.39703 58.687092 1.5
		rot_x -0.53497 0.844871 0
		rot_y -0.844871 -0.53497 0
		scl 0.410001
		id 10
	}
	WO CanyonPlantBushB {
		pos -32.902504 56.035275 3.070009
		id 11
	}
	WO CanyonPlantTreeB {
		pos -29.714659 62.478973 1.5
		rot_x 0.859497 -0.51114 0
		rot_y 0.51114 0.859497 0
		scl 0.600001
		id 12
	}
	WO CanyonPlantBushB {
		pos -31.197695 64.812561 3.070009
		rot_x -0.985939 0.167106 0
		rot_y -0.167106 -0.985939 0
		id 13
	}
}
combo walltuft {
	pos -16.955469 58.50322 4.168406
	WO CanyonPlantGrassN {
		pos -14.87121 57.218788 4.541372
		rot_x 0.394631 0.918746 0.013079
		rot_y -0.918691 0.394784 -0.012376
		rot_z -0.016534 -0.007132 0.999838
		id 15
	}
	WO CanyonPlantTreeC {
		pos -17.738018 59.872467 5.689054
		rot_x 0.959664 -0.281148 0
		rot_y 0.281148 0.959664 0
		scl 1.51
		id 16
	}
	WO CanyonPlantTreeB {
		pos -18.874954 56.665634 2.909997
		rot_x -0.53497 0.844871 0
		rot_y -0.844871 -0.53497 0
		scl 0.410001
		id 17
	}
	WO CanyonPlantBushB {
		pos -18.380428 54.013817 4.480007
		id 18
	}
	WO CanyonPlantTreeB {
		pos -15.192583 60.45752 2.909997
		rot_x 0.859497 -0.51114 0
		rot_y 0.51114 0.859497 0
		scl 0.600001
		id 19
	}
	WO CanyonPlantBushB {
		pos -16.675619 62.791107 4.480007
		rot_x -0.985939 0.167106 0
		rot_y -0.167106 -0.985939 0
		id 20
	}
}
combo walltuft {
	pos 47.470535 49.985367 2.968418
	WO CanyonPlantGrassN {
		pos 47.697266 52.423107 3.341352
		rot_x -0.998481 -0.053802 0.013079
		rot_y 0.053641 -0.9985 -0.012376
		rot_z 0.013726 -0.011656 0.999838
		id 22
	}
	WO CanyonPlantTreeC {
		pos 46.589981 48.676247 4.489039
		rot_x -0.173663 0.984821 0
		rot_y -0.984821 -0.173663 0
		scl 1.51
		id 23
	}
	WO CanyonPlantTreeB {
		pos 49.968838 49.079647 1.709981
		rot_x -0.519954 -0.854215 0
		rot_y 0.854215 -0.519954 0
		scl 0.410001
		id 24
	}
	WO CanyonPlantBushB {
		pos 52.126205 50.69902 3.279988
		rot_x -0.44354 0.896274 0
		rot_y -0.896274 -0.44354 0
		id 25
	}
	WO CanyonPlantTreeB {
		pos 44.936634 50.698189 1.709981
		rot_x 0.076901 0.997054 0
		rot_y -0.997054 0.076901 0
		scl 0.600001
		id 26
	}
	WO CanyonPlantBushB {
		pos 43.502869 48.333927 3.279988
		rot_x 0.28753 -0.957789 0
		rot_y 0.957789 0.28753 0
		id 27
	}
}
combo walltuft {
	pos 60.116352 52.333355 3.118421
	WO CanyonPlantGrassN {
		pos 62.200611 51.048923 3.491387
		rot_x 0.394631 0.918746 0.013079
		rot_y -0.918691 0.394784 -0.012376
		rot_z -0.016534 -0.007132 0.999838
		id 29
	}
	WO CanyonPlantTreeC {
		pos 59.333805 53.702602 4.639071
		rot_x 0.959664 -0.281148 0
		rot_y 0.281148 0.959664 0
		scl 1.51
		id 30
	}
	WO CanyonPlantTreeB {
		pos 58.196869 50.49577 1.860013
		rot_x -0.53497 0.844871 0
		rot_y -0.844871 -0.53497 0
		scl 0.410001
		id 31
	}
	WO CanyonPlantBushB {
		pos 58.691391 47.843952 3.430022
		id 32
	}
	WO CanyonPlantTreeB {
		pos 61.879238 54.287655 1.860013
		rot_x 0.859497 -0.51114 0
		rot_y 0.51114 0.859497 0
		scl 0.600001
		id 33
	}
	WO CanyonPlantBushB {
		pos 60.396202 56.621243 3.430022
		rot_x -0.985939 0.167106 0
		rot_y -0.167106 -0.985939 0
		id 34
	}
}
combo walltuft {
	pos 57.469967 9.372431 -8.641583
	WO CanyonPlantGrassN {
		pos 59.554226 8.087999 -8.268617
		rot_x 0.394631 0.918746 0.013079
		rot_y -0.918691 0.394784 -0.012376
		rot_z -0.016534 -0.007132 0.999838
		id 36
	}
	WO CanyonPlantTreeC {
		pos 56.68742 10.741678 -7.120934
		rot_x 0.959664 -0.281148 0
		rot_y 0.281148 0.959664 0
		scl 1.51
		id 37
	}
	WO CanyonPlantTreeB {
		pos 55.550484 7.534845 -9.899991
		rot_x -0.53497 0.844871 0
		rot_y -0.844871 -0.53497 0
		scl 0.410001
		id 38
	}
	WO CanyonPlantBushB {
		pos 56.045006 4.883028 -8.329982
		id 227
	}
	WO CanyonPlantTreeB {
		pos 59.232853 11.326731 -9.899991
		rot_x 0.859497 -0.51114 0
		rot_y 0.51114 0.859497 0
		scl 0.600001
		id 40
	}
	WO CanyonPlantBushB {
		pos 57.749817 13.660318 -8.329982
		rot_x -0.985939 0.167106 0
		rot_y -0.167106 -0.985939 0
		id 41
	}
}
combo walltuft {
	pos 36.425365 7.929369 -8.641583
	WO CanyonPlantGrassN {
		pos 38.509624 6.644938 -8.268617
		rot_x 0.394631 0.918746 0.013079
		rot_y -0.918691 0.394784 -0.012376
		rot_z -0.016534 -0.007132 0.999838
		id 43
	}
	WO CanyonPlantTreeC {
		pos 35.642818 9.298616 -7.120934
		rot_x 0.959664 -0.281148 0
		rot_y 0.281148 0.959664 0
		scl 1.51
		id 44
	}
	WO CanyonPlantTreeB {
		pos 34.505882 6.091784 -9.899991
		rot_x -0.53497 0.844871 0
		rot_y -0.844871 -0.53497 0
		scl 0.410001
		id 249
	}
	WO CanyonPlantBushB {
		pos 35.000404 3.439966 -8.329982
		id 251
	}
	WO CanyonPlantTreeB {
		pos 38.188251 9.883669 -9.899991
		rot_x 0.859497 -0.51114 0
		rot_y 0.51114 0.859497 0
		scl 0.600001
		id 253
	}
	WO CanyonPlantBushB {
		pos 36.705215 12.217257 -8.329982
		rot_x -0.985939 0.167106 0
		rot_y -0.167106 -0.985939 0
		id 255
	}
}
combo walltuft {
	pos 31.134869 -29.735258 -8.641583
	WO CanyonPlantGrassN {
		pos 33.219128 -31.019688 -8.268617
		rot_x 0.394631 0.918746 0.013079
		rot_y -0.918691 0.394784 -0.012376
		rot_z -0.016534 -0.007132 0.999838
		id 50
	}
	WO CanyonPlantTreeC {
		pos 30.352322 -28.366011 -7.120934
		rot_x 0.959664 -0.281148 0
		rot_y 0.281148 0.959664 0
		scl 1.51
		id 51
	}
	WO CanyonPlantTreeB {
		pos 29.215385 -31.572844 -9.899991
		rot_x -0.53497 0.844871 0
		rot_y -0.844871 -0.53497 0
		scl 0.410001
		id 52
	}
	WO CanyonPlantBushB {
		pos 29.709908 -34.224663 -8.329982
		id 53
	}
	WO CanyonPlantTreeB {
		pos 32.897755 -27.780958 -9.899991
		rot_x 0.859497 -0.51114 0
		rot_y 0.51114 0.859497 0
		scl 0.600001
		id 54
	}
	WO CanyonPlantBushB {
		pos 31.414719 -25.447371 -8.329982
		rot_x -0.985939 0.167106 0
		rot_y -0.167106 -0.985939 0
		id 293
	}
}
combo walltuft {
	pos 15.341639 126.184326 3.718408
	WO CanyonPlantGrassN {
		pos 17.425898 124.899895 4.091374
		rot_x 0.394631 0.918746 0.013079
		rot_y -0.918691 0.394784 -0.012376
		rot_z -0.016534 -0.007132 0.999838
		id 57
	}
	WO CanyonPlantTreeC {
		pos 14.55909 127.553574 5.239058
		rot_x 0.959664 -0.281148 0
		rot_y 0.281148 0.959664 0
		scl 1.51
		id 58
	}
	WO CanyonPlantTreeB {
		pos 13.422153 124.346741 2.46
		rot_x -0.53497 0.844871 0
		rot_y -0.844871 -0.53497 0
		scl 0.410001
		id 59
	}
	WO CanyonPlantBushB {
		pos 13.916679 121.694923 4.030008
		id 60
	}
	WO CanyonPlantTreeB {
		pos 17.104527 128.138626 2.46
		rot_x 0.859497 -0.51114 0
		rot_y 0.51114 0.859497 0
		scl 0.600001
		id 61
	}
	WO CanyonPlantBushB {
		pos 15.621489 130.472214 4.030008
		rot_x -0.985939 0.167106 0
		rot_y -0.167106 -0.985939 0
		id 62
	}
}
combo walltuft {
	pos -12.932249 131.415024 3.718408
	WO CanyonPlantGrassN {
		pos -14.892452 129.948227 4.091373
		rot_x 0.709582 -0.704502 0.013079
		rot_y 0.704623 0.709474 -0.012376
		rot_z -0.00056 0.017998 0.999838
		id 64
	}
	WO CanyonPlantTreeC {
		pos -11.371314 131.639984 5.239057
		rot_x -0.61398 -0.789322 0
		rot_y 0.789322 -0.61398 0
		scl 1.51
		id 65
	}
	WO CanyonPlantTreeB {
		pos -13.936378 133.875305 2.459999
		rot_x 0.982311 0.187257 0
		rot_y -0.187257 0.982311 0
		scl 0.410001
		id 66
	}
	WO CanyonPlantBushB {
		pos -16.584473 134.389374 4.030007
		rot_x -0.367298 -0.930104 0
		rot_y 0.930104 -0.367298 0
		id 67
	}
	WO CanyonPlantTreeB {
		pos -11.762058 129.057526 2.459999
		rot_x -0.791105 -0.611681 0
		rot_y 0.611681 -0.791105 0
		scl 0.600001
		id 68
	}
	WO CanyonPlantBushB {
		pos -9.04686 129.579834 4.030007
		rot_x 0.51756 0.855647 0
		rot_y -0.855647 0.51756 0
		id 69
	}
}
combo walltuft {
	pos -22.372171 127.758713 3.718408
	WO CanyonPlantGrassN {
		pos -24.332365 126.291962 4.091373
		rot_x 0.709582 -0.704502 0.013079
		rot_y 0.704623 0.709474 -0.012376
		rot_z -0.00056 0.017998 0.999838
		id 262
	}
	WO CanyonPlantTreeC {
		pos -20.811226 127.983734 5.239057
		rot_x -0.61398 -0.789322 0
		rot_y 0.789322 -0.61398 0
		scl 1.51
		id 72
	}
	WO CanyonPlantTreeB {
		pos -23.376289 130.219055 2.459999
		rot_x 0.982311 0.187257 0
		rot_y -0.187257 0.982311 0
		scl 0.410001
		id 73
	}
	WO CanyonPlantBushB {
		pos -26.024387 130.733124 4.030007
		rot_x -0.367298 -0.930104 0
		rot_y 0.930104 -0.367298 0
		id 264
	}
	WO CanyonPlantTreeB {
		pos -21.201971 125.40126 2.459999
		rot_x -0.791105 -0.611681 0
		rot_y 0.611681 -0.791105 0
		scl 0.600001
		id 75
	}
	WO CanyonPlantBushB {
		pos -18.486773 125.923569 4.030007
		rot_x 0.51756 0.855647 0
		rot_y -0.855647 0.51756 0
		id 76
	}
}
combo walltuft {
	pos 16.169434 136.954956 3.718408
	WO CanyonPlantGrassN {
		pos 15.874733 134.524872 4.091371
		rot_x 0.999576 0.026064 0.013079
		rot_y -0.025902 0.99959 -0.012376
		rot_z -0.013396 0.012032 0.999838
		id 78
	}
	WO CanyonPlantTreeC {
		pos 17.08518 138.239044 5.239054
		rot_x 0.146255 -0.989248 0
		rot_y 0.989248 0.146255 0
		scl 1.51
		id 79
	}
	WO CanyonPlantTreeB {
		pos 13.696891 137.929657 2.459995
		rot_x 0.54346 0.839437 0
		rot_y -0.839437 0.54346 0
		scl 0.410001
		id 80
	}
	WO CanyonPlantBushB {
		pos 11.495385 136.370758 4.030005
		rot_x 0.418482 -0.908227 0
		rot_y 0.908227 0.418482 0
		id 81
	}
	WO CanyonPlantTreeB {
		pos 18.681746 136.172104 2.459995
		rot_x -0.104547 -0.994521 0
		rot_y 0.994521 -0.104547 0
		scl 0.600001
		id 82
	}
	WO CanyonPlantBushB {
		pos 20.18058 138.495544 4.030005
		rot_x -0.260826 0.965387 0
		rot_y -0.965387 -0.260826 0
		id 83
	}
}
combo walltuft {
	pos -7.160778 146.78952 -0.721591
	WO CanyonPlantGrassN {
		pos -7.455742 144.359314 -0.348631
		rot_x 0.999576 0.026064 0.013079
		rot_y -0.025902 0.99959 -0.012376
		rot_z -0.013396 0.012032 0.999838
		id 85
	}
	WO CanyonPlantTreeC {
		pos -6.245295 148.073486 0.799052
		rot_x 0.146255 -0.989248 0
		rot_y 0.989248 0.146255 0
		scl 1.51
		id 265
	}
	WO CanyonPlantTreeB {
		pos -9.633584 147.764099 -1.980012
		rot_x 0.54346 0.839437 0
		rot_y -0.839437 0.54346 0
		scl 0.410001
		id 87
	}
	WO CanyonPlantBushB {
		pos -11.83509 146.2052 -0.409997
		rot_x 0.418482 -0.908227 0
		rot_y 0.908227 0.418482 0
		id 88
	}
	WO CanyonPlantTreeB {
		pos -4.648729 146.006546 -1.980012
		rot_x -0.104547 -0.994521 0
		rot_y 0.994521 -0.104547 0
		scl 0.600001
		id 89
	}
	WO CanyonPlantBushB {
		pos -3.149895 148.329987 -0.409997
		rot_x -0.260826 0.965387 0
		rot_y -0.965387 -0.260826 0
		id 90
	}
}
combo walltuft {
	pos -11.8419 -28.097555 3.778406
	WO CanyonPlantGrassN {
		pos -9.495333 -27.399324 4.151371
		rot_x -0.422093 0.906459 0.013079
		rot_y -0.906536 -0.42195 -0.012376
		rot_z -0.005699 -0.017081 0.999838
		id 92
	}
	WO CanyonPlantTreeC {
		pos -13.384326 -27.768652 5.299049
		rot_x 0.849107 0.528223 0
		rot_y -0.528223 0.849107 0
		scl 1.51
		id 93
	}
	WO CanyonPlantTreeB {
		pos -11.750761 -30.753277 2.519994
		rot_x -0.986448 0.164083 0
		rot_y -0.164083 -0.986448 0
		scl 0.410001
		id 94
	}
	WO CanyonPlantBushB {
		pos -9.443908 -32.151585 4.090006
		rot_x 0.666349 0.745641 0
		rot_y -0.745641 0.666349 0
		id 95
	}
	WO CanyonPlantTreeB {
		pos -12.124405 -25.480824 2.519994
		rot_x 0.953852 0.300279 0
		rot_y -0.300279 0.953852 0
		scl 0.600001
		id 96
	}
	WO CanyonPlantBushB {
		pos -14.852639 -25.031651 4.090006
		rot_x -0.781581 -0.623806 0
		rot_y 0.623806 -0.781581 0
		id 97
	}
}
combo walltuft {
	pos 4.730194 -51.656368 3.778406
	WO CanyonPlantGrassN {
		pos 3.191928 -49.751743 4.15137
		rot_x -0.677788 -0.735142 0.013079
		rot_y 0.735039 -0.677913 -0.012376
		rot_z 0.017965 0.001225 0.999838
		id 99
	}
	WO CanyonPlantTreeC {
		pos 5.012682 -53.20797 5.299048
		rot_x -0.811481 0.58438 0
		rot_y -0.58438 -0.811481 0
		scl 1.51
		id 100
	}
	WO CanyonPlantTreeB {
		pos 7.151673 -50.561974 2.519995
		rot_x 0.223445 -0.974717 0
		rot_y 0.974717 0.223445 0
		scl 0.410001
		id 101
	}
	WO CanyonPlantBushB {
		pos 7.567459 -47.896687 4.090005
		rot_x -0.943047 0.332662 0
		rot_y -0.332662 -0.943047 0
		id 102
	}
	WO CanyonPlantTreeB {
		pos 2.417608 -52.912933 2.519995
		rot_x -0.64051 0.767951 0
		rot_y -0.767951 -0.64051 0
		scl 0.600001
		id 103
	}
	WO CanyonPlantBushB {
		pos 3.039882 -55.606949 4.090005
		rot_x 0.874197 -0.485573 0
		rot_y 0.485573 0.874197 0
		id 104
	}
}
combo walltuft {
	pos 4.761464 28.295584 3.478407
	WO CanyonPlantGrassN {
		pos 6.670456 26.762699 3.851369
		rot_x 0.505458 0.862749 0.013079
		rot_y -0.862675 0.505603 -0.012376
		rot_z -0.01729 -0.005028 0.999838
		id 106
	}
	WO CanyonPlantTreeC {
		pos 4.15466 29.751249 4.999044
		rot_x 0.917417 -0.397921 0
		rot_y 0.397921 0.917417 0
		scl 1.51
		id 107
	}
	WO CanyonPlantTreeB {
		pos 2.629015 26.710043 2.220002
		rot_x -0.426129 0.90466 0
		rot_y -0.90466 -0.426129 0
		scl 0.410001
		id 108
	}
	WO CanyonPlantBushB {
		pos 2.791072 24.017395 3.790004
		rot_x 0.992288 -0.123941 0
		rot_y 0.123941 0.992288 0
		id 109
	}
	WO CanyonPlantTreeB {
		pos 6.752961 30.0163 2.220002
		rot_x 0.789516 -0.613724 0
		rot_y 0.613724 0.789516 0
		scl 0.600001
		id 110
	}
	WO CanyonPlantBushB {
		pos 5.570591 32.515701 3.790004
		rot_x -0.957623 0.288016 0
		rot_y -0.288016 -0.957623 0
		id 111
	}
}
combo walltuft {
	pos 20.204819 17.242928 -3.151591
	WO CanyonPlantGrassN {
		pos 18.182096 15.863388 -2.778626
		rot_x 0.677969 -0.734968 0.013079
		rot_y 0.735084 0.677856 -0.012376
		rot_z 0.00023 0.018005 0.999838
		id 113
	}
	WO CanyonPlantTreeC {
		pos 21.774134 17.398911 -1.630946
		rot_x -0.648033 -0.761606 0
		rot_y 0.761606 -0.648033 0
		scl 1.51
		id 114
	}
	WO CanyonPlantTreeB {
		pos 19.309628 19.744698 -4.409986
		rot_x 0.989581 0.143956 0
		rot_y -0.143956 0.989581 0
		scl 0.410001
		id 234
	}
	WO CanyonPlantBushB {
		pos 16.686674 20.374479 -2.83999
		rot_x -0.407771 -0.913081 0
		rot_y 0.913081 -0.407771 0
		id 247
	}
	WO CanyonPlantTreeB {
		pos 21.270376 14.836174 -4.409986
		rot_x -0.817189 -0.576361 0
		rot_y 0.576361 -0.817189 0
		scl 0.600001
		id 261
	}
	WO CanyonPlantBushB {
		pos 24.005861 15.238739 -2.83999
		rot_x 0.554619 0.8321 0
		rot_y -0.8321 0.554619 0
		id 118
	}
}
combo walltuft {
	pos -74.199631 16.642839 -8.641583
	WO CanyonPlantGrassN {
		pos -72.115372 15.358408 -8.268617
		rot_x 0.394631 0.918746 0.013079
		rot_y -0.918691 0.394784 -0.012376
		rot_z -0.016534 -0.007132 0.999838
		id 246
	}
	WO CanyonPlantTreeC {
		pos -74.982178 18.012087 -7.120934
		rot_x 0.959664 -0.281148 0
		rot_y 0.281148 0.959664 0
		scl 1.51
		id 245
	}
	WO CanyonPlantTreeB {
		pos -76.11911 14.805254 -9.899991
		rot_x -0.53497 0.844871 0
		rot_y -0.844871 -0.53497 0
		scl 0.410001
		id 122
	}
	WO CanyonPlantBushB {
		pos -75.624588 12.153437 -8.329982
		id 123
	}
	WO CanyonPlantTreeB {
		pos -72.436745 18.597139 -9.899991
		rot_x 0.859497 -0.51114 0
		rot_y 0.51114 0.859497 0
		scl 0.600001
		id 124
	}
	WO CanyonPlantBushB {
		pos -73.919785 20.930727 -8.329982
		rot_x -0.985939 0.167106 0
		rot_y -0.167106 -0.985939 0
		id 232
	}
}
combo walltuft {
	pos -53.256321 18.088923 -8.641583
	WO CanyonPlantGrassN {
		pos -51.172062 16.804491 -8.268617
		rot_x 0.394631 0.918746 0.013079
		rot_y -0.918691 0.394784 -0.012376
		rot_z -0.016534 -0.007132 0.999838
		id 127
	}
	WO CanyonPlantTreeC {
		pos -54.038868 19.45817 -7.120934
		rot_x 0.959664 -0.281148 0
		rot_y 0.281148 0.959664 0
		scl 1.51
		id 128
	}
	WO CanyonPlantTreeB {
		pos -55.175804 16.251337 -9.899991
		rot_x -0.53497 0.844871 0
		rot_y -0.844871 -0.53497 0
		scl 0.410001
		id 129
	}
	WO CanyonPlantBushB {
		pos -54.681282 13.59952 -8.329982
		id 257
	}
	WO CanyonPlantTreeB {
		pos -51.493435 20.043222 -9.899991
		rot_x 0.859497 -0.51114 0
		rot_y 0.51114 0.859497 0
		scl 0.600001
		id 131
	}
	WO CanyonPlantBushB {
		pos -52.976471 22.37681 -8.329982
		rot_x -0.985939 0.167106 0
		rot_y -0.167106 -0.985939 0
		id 132
	}
}
combo walltuft {
	pos 98.676964 51.767586 -0.181581
	WO CanyonPlantGrassN {
		pos 100.761223 50.483154 0.191386
		rot_x 0.394631 0.918746 0.013079
		rot_y -0.918691 0.394784 -0.012376
		rot_z -0.016534 -0.007132 0.999838
		id 134
	}
	WO CanyonPlantTreeC {
		pos 97.894417 53.136833 1.339068
		rot_x 0.959664 -0.281148 0
		rot_y 0.281148 0.959664 0
		scl 1.51
		id 135
	}
	WO CanyonPlantTreeB {
		pos 96.757484 49.93 -1.439989
		rot_x -0.53497 0.844871 0
		rot_y -0.844871 -0.53497 0
		scl 0.410001
		id 136
	}
	WO CanyonPlantBushB {
		pos 97.252007 47.278183 0.130021
		id 137
	}
	WO CanyonPlantTreeB {
		pos 100.439857 53.721886 -1.439989
		rot_x 0.859497 -0.51114 0
		rot_y 0.51114 0.859497 0
		scl 0.600001
		id 138
	}
	WO CanyonPlantBushB {
		pos 98.95681 56.055473 0.130021
		rot_x -0.985939 0.167106 0
		rot_y -0.167106 -0.985939 0
		id 139
	}
}
combo walltuft {
	pos 101.72171 59.848198 0.748421
	WO CanyonPlantGrassN {
		pos 102.355949 57.483555 1.121388
		rot_x 0.917586 0.397324 0.013079
		rot_y -0.397179 0.917658 -0.012376
		rot_z -0.016919 0.006161 0.999838
		id 141
	}
	WO CanyonPlantTreeC {
		pos 102.092339 61.381115 2.269071
		rot_x 0.504971 -0.863137 0
		rot_y 0.863137 0.504971 0
		scl 1.51
		id 142
	}
	WO CanyonPlantTreeB {
		pos 99.064484 59.829205 -0.509987
		rot_x 0.190808 0.981627 0
		rot_y -0.981627 0.190808 0
		scl 0.410001
		id 143
	}
	WO CanyonPlantBushB {
		pos 97.604027 57.561214 1.060024
		rot_x 0.727272 -0.686349 0
		rot_y 0.686349 0.727272 0
		id 144
	}
	WO CanyonPlantTreeB {
		pos 104.345108 60.059559 -0.509987
		rot_x 0.274268 -0.961653 0
		rot_y 0.961653 0.274268 0
		scl 0.600001
		id 145
	}
	WO CanyonPlantBushB {
		pos 104.868195 62.774593 1.060024
		rot_x -0.602352 0.798231 0
		rot_y -0.798231 -0.602352 0
		id 146
	}
}
combo walltuft {
	pos 88.972343 58.9916 7.798423
	WO CanyonPlantGrassN {
		pos 88.275124 56.643967 8.171318
		rot_x 0.98989 -0.141254 0.013079
		rot_y 0.141416 0.989876 -0.012376
		rot_z -0.011199 0.014101 0.999838
		id 148
	}
	WO CanyonPlantTreeC {
		pos 90.088982 60.103817 9.319
		rot_x -0.021025 -0.999782 0
		rot_y 0.999782 -0.021025 0
		scl 1.51
		id 149
	}
	WO CanyonPlantTreeB {
		pos 86.696602 60.364689 6.539921
		rot_x 0.676031 0.736876 0
		rot_y -0.736876 0.676031 0
		scl 0.410001
		id 150
	}
	WO CanyonPlantBushB {
		pos 84.265602 59.195393 8.109951
		rot_x 0.260909 -0.965366 0
		rot_y 0.965366 0.260909 0
		id 151
	}
	WO CanyonPlantTreeB {
		pos 91.317909 57.799191 6.539921
		rot_x -0.269187 -0.963091 0
		rot_y 0.963091 -0.269187 0
		scl 0.600001
		id 152
	}
	WO CanyonPlantBushB {
		pos 93.183762 59.839714 8.109951
		rot_x -0.095922 0.995392 0
		rot_y -0.995392 -0.095922 0
		id 153
	}
}
combo walltuft {
	pos -47.121475 0.655201 -8.641583
	WO CanyonPlantGrassN {
		pos -49.54108 0.281921 -8.268614
		rot_x 0.295153 -0.95536 0.013079
		rot_y 0.955417 0.295001 -0.012376
		rot_z 0.007965 0.016149 0.999838
		id 155
	}
	WO CanyonPlantTreeC {
		pos -45.637962 0.120002 -7.120931
		rot_x -0.912944 -0.408085 0
		rot_y 0.408085 -0.912944 0
		scl 1.51
		id 156
	}
	WO CanyonPlantTreeB {
		pos -46.851288 3.298711 -9.899988
		rot_x 0.955047 -0.296455 0
		rot_y 0.296455 0.955047 0
		scl 0.410001
		id 157
	}
	WO CanyonPlantBushB {
		pos -48.946976 4.997172 -8.329979
		rot_x -0.761388 -0.648297 0
		rot_y 0.648297 -0.761388 0
		id 158
	}
	WO CanyonPlantTreeB {
		pos -47.196743 -1.975649 -9.899988
		rot_x -0.985781 -0.168034 0
		rot_y 0.168034 -0.985781 0
		scl 0.600001
		id 159
	}
	WO CanyonPlantBushB {
		pos -44.554703 -2.790972 -8.329979
		rot_x 0.859016 0.511949 0
		rot_y -0.511949 0.859016 0
		id 160
	}
}
combo walltuft {
	pos -46.664677 -16.487978 -8.641583
	WO CanyonPlantGrassN {
		pos -44.580418 -17.772408 -8.268617
		rot_x 0.394631 0.918746 0.013079
		rot_y -0.918691 0.394784 -0.012376
		rot_z -0.016534 -0.007132 0.999838
		id 162
	}
	WO CanyonPlantTreeC {
		pos -47.447224 -15.118731 -7.120934
		rot_x 0.959664 -0.281148 0
		rot_y 0.281148 0.959664 0
		scl 1.51
		id 163
	}
	WO CanyonPlantTreeB {
		pos -48.58416 -18.325563 -9.899991
		rot_x -0.53497 0.844871 0
		rot_y -0.844871 -0.53497 0
		scl 0.410001
		id 164
	}
	WO CanyonPlantBushB {
		pos -48.089638 -20.977383 -8.329982
		id 165
	}
	WO CanyonPlantTreeB {
		pos -44.901791 -14.533678 -9.899991
		rot_x 0.859497 -0.51114 0
		rot_y 0.51114 0.859497 0
		scl 0.600001
		id 166
	}
	WO CanyonPlantBushB {
		pos -46.384827 -12.20009 -8.329982
		rot_x -0.985939 0.167106 0
		rot_y -0.167106 -0.985939 0
		id 167
	}
}
combo walltuft {
	pos -44.250732 -8.293689 -8.641583
	WO CanyonPlantGrassN {
		pos -42.166473 -9.578118 -8.268617
		rot_x 0.394631 0.918746 0.013079
		rot_y -0.918691 0.394784 -0.012376
		rot_z -0.016534 -0.007132 0.999838
		id 169
	}
	WO CanyonPlantTreeC {
		pos -45.033279 -6.924442 -7.120934
		rot_x 0.959664 -0.281148 0
		rot_y 0.281148 0.959664 0
		scl 1.51
		id 170
	}
	WO CanyonPlantTreeB {
		pos -46.170216 -10.131274 -9.899991
		rot_x -0.53497 0.844871 0
		rot_y -0.844871 -0.53497 0
		scl 0.410001
		id 171
	}
	WO CanyonPlantBushB {
		pos -45.675694 -12.783093 -8.329982
		id 172
	}
	WO CanyonPlantTreeB {
		pos -42.487846 -6.339389 -9.899991
		rot_x 0.859497 -0.51114 0
		rot_y 0.51114 0.859497 0
		scl 0.600001
		id 173
	}
	WO CanyonPlantBushB {
		pos -43.970882 -4.005802 -8.329982
		rot_x -0.985939 0.167106 0
		rot_y -0.167106 -0.985939 0
		id 174
	}
}
combo walltuft {
	pos -65.754623 -2.620218 -8.641583
	WO CanyonPlantGrassN {
		pos -63.670364 -3.904648 -8.268617
		rot_x 0.394631 0.918746 0.013079
		rot_y -0.918691 0.394784 -0.012376
		rot_z -0.016534 -0.007132 0.999838
		id 176
	}
	WO CanyonPlantTreeC {
		pos -66.53717 -1.250971 -7.120934
		rot_x 0.959664 -0.281148 0
		rot_y 0.281148 0.959664 0
		scl 1.51
		id 177
	}
	WO CanyonPlantTreeB {
		pos -67.674103 -4.457804 -9.899991
		rot_x -0.53497 0.844871 0
		rot_y -0.844871 -0.53497 0
		scl 0.410001
		id 178
	}
	WO CanyonPlantBushB {
		pos -67.179581 -7.109623 -8.329982
		id 179
	}
	WO CanyonPlantTreeB {
		pos -63.991737 -0.665918 -9.899991
		rot_x 0.859497 -0.51114 0
		rot_y 0.51114 0.859497 0
		scl 0.600001
		id 180
	}
	WO CanyonPlantBushB {
		pos -65.474777 1.667669 -8.329982
		rot_x -0.985939 0.167106 0
		rot_y -0.167106 -0.985939 0
		id 181
	}
}
combo pupplatform {
	pos -55.454613 -28.484451 0
	WO FortressPiece_Square {
		pos -56.617565 -28.356777 -0.018266
		id 183
	}
	WO TutorialProps_Canister6 {
		pos -59.758759 -25.887493 -0.198159
		id 184
	}
	WO TutorialProps_Canister6 {
		pos -59.594582 -30.994547 -0.198159
		id 185
	}
	WO TutorialProps_Canister6 {
		pos -53.987759 -31.176392 -0.198159
		id 186
	}
	WO TutorialProps_Canister6 {
		pos -53.58009 -25.926777 -0.198159
		id 187
	}
	WO NesthornFortressProps_Debris4 {
		pos -53.039032 -28.691843 0.041841
		id 188
	}
	WO NesthornFortressProps_Debris4 {
		pos -52.995228 -27.626413 0.041841
		id 189
	}
	WO NesthornFortressProps_Debris4 {
		pos -53.008896 -29.720432 0.041841
		id 190
	}
}
combo pupplatform {
	pos 46.015831 -36.141277 -0.002512
	WO FortressPiece_Square {
		pos 44.852875 -36.013599 -0.020778
		id 192
	}
	WO TutorialProps_Canister6 {
		pos 41.711681 -33.544315 -0.200671
		id 193
	}
	WO TutorialProps_Canister6 {
		pos 41.875858 -38.651371 -0.200671
		id 194
	}
	WO TutorialProps_Canister6 {
		pos 47.482681 -38.833214 -0.200671
		id 195
	}
	WO TutorialProps_Canister6 {
		pos 47.89035 -33.583599 -0.200671
		id 196
	}
	WO NesthornFortressProps_Debris4 {
		pos 48.431408 -36.348663 0.039329
		id 197
	}
	WO NesthornFortressProps_Debris4 {
		pos 48.475212 -35.283234 0.039329
		id 198
	}
	WO NesthornFortressProps_Debris4 {
		pos 48.461544 -37.377254 0.039329
		id 199
	}
}
combo walltuft {
	pos -11.960485 48.868946 2.758409
	WO CanyonPlantGrassN {
		pos -11.907119 46.421188 3.13131
		rot_x 0.985759 0.167654 0.013079
		rot_y -0.167495 0.985797 -0.012376
		rot_z -0.014969 0.010009 0.999838
		id 201
	}
	WO CanyonPlantTreeC {
		pos -11.236024 50.269604 4.279043
		rot_x 0.285163 -0.958479 0
		rot_y 0.958479 0.285163 0
		scl 1.51
		id 202
	}
	WO CanyonPlantTreeB {
		pos -14.546137 49.482487 1.499936
		rot_x 0.418831 0.908065 0
		rot_y -0.908065 0.418831 0
		scl 0.410001
		id 203
	}
	WO CanyonPlantBushB {
		pos -16.504143 47.626953 3.069945
		rot_x 0.543136 -0.839646 0
		rot_y 0.839646 0.543136 0
		id 204
	}
	WO CanyonPlantTreeB {
		pos -9.362288 48.450104 1.499936
		rot_x 0.037647 -0.999291 0
		rot_y 0.999291 0.037647 0
		scl 0.600001
		id 205
	}
	WO CanyonPlantBushB {
		pos -8.208385 50.962776 3.069945
		rot_x -0.395189 0.918601 0
		rot_y -0.918601 -0.395189 0
		id 206
	}
}
combo walltuft {
	pos 41.666893 4.064796 -0.27158
}
combo walltuft {
	pos 41.166374 4.956199 -4.021579
	WO CanyonPlantGrassN {
		pos 43.250633 3.671768 -3.648612
		rot_x 0.394631 0.918746 0.013079
		rot_y -0.918691 0.394784 -0.012376
		rot_z -0.016534 -0.007132 0.999838
		id 208
	}
	WO CanyonPlantTreeC {
		pos 40.383827 6.325447 -2.500929
		rot_x 0.959664 -0.281148 0
		rot_y 0.281148 0.959664 0
		scl 1.51
		id 209
	}
	WO CanyonPlantTreeB {
		pos 39.246891 3.118614 -5.279984
		rot_x -0.53497 0.844871 0
		rot_y -0.844871 -0.53497 0
		scl 0.410001
		id 210
	}
	WO CanyonPlantBushB {
		pos 39.741413 0.466796 -3.709977
		id 211
	}
	WO CanyonPlantTreeB {
		pos 42.92926 6.910499 -5.279984
		rot_x 0.859497 -0.51114 0
		rot_y 0.51114 0.859497 0
		scl 0.600001
		id 212
	}
	WO CanyonPlantBushB {
		pos 41.446224 9.244087 -3.709977
		rot_x -0.985939 0.167106 0
		rot_y -0.167106 -0.985939 0
		id 213
	}
}
combo walltuft {
	pos -12.741434 46.607815 0.41841
	WO CanyonPlantGrassN {
		pos -12.688067 44.160057 0.791311
		rot_x 0.985759 0.167654 0.013079
		rot_y -0.167495 0.985797 -0.012376
		rot_z -0.014969 0.010009 0.999838
		id 256
	}
	WO CanyonPlantTreeC {
		pos -12.016973 48.008472 1.939044
		rot_x 0.285163 -0.958479 0
		rot_y 0.958479 0.285163 0
		scl 1.51
		id 216
	}
	WO CanyonPlantTreeB {
		pos -15.327085 47.221355 -0.840063
		rot_x 0.418831 0.908065 0
		rot_y -0.908065 0.418831 0
		scl 0.410001
		id 260
	}
	WO CanyonPlantBushB {
		pos -17.285091 45.365822 0.729946
		rot_x 0.543136 -0.839646 0
		rot_y 0.839646 0.543136 0
		id 259
	}
	WO CanyonPlantTreeB {
		pos -10.143237 46.188972 -0.840063
		rot_x 0.037647 -0.999291 0
		rot_y 0.999291 0.037647 0
		scl 0.600001
		id 258
	}
	WO CanyonPlantBushB {
		pos -8.989334 48.701645 0.729946
		rot_x -0.395189 0.918601 0
		rot_y -0.918601 -0.395189 0
		id 220
	}
}
}
airmech {
	AILevel -1
	Player 0 {
		startLoc 3.539127 101.052422 29.789993
		startLevel 0
		pilot dynamic 
		airmech dynamic 
		aiScript dynamic 
	}
	Player 1 {
		startLoc -0.336077 107.683891 23.429998
		startLevel 0
		pilot dynamic 
		airmech dynamic 
		aiScript dynamic 
	}
	Player 2 {
		startLoc 5.335958 101.879509 29.789993
		startLevel 0
		pilot dynamic 
		airmech dynamic 
		aiScript dynamic 
	}
	Player 3 {
		startLoc 3.063574 109.027382 23.429998
		startLevel 0
		pilot dynamic 
		airmech dynamic 
		aiScript dynamic 
	}
	Player 4 {
		startLoc 1.345987 102.448334 29.789993
		startLevel 0
		pilot dynamic 
		airmech dynamic 
		aiScript dynamic 
	}
	Player 5 {
		startLoc -3.996691 108.413399 23.429998
		startLevel 0
		pilot dynamic 
		airmech dynamic 
		aiScript dynamic 
	}
}
DIR_LIGHT {
	pos 496.501007 -106.518997 861.476013
	dir 0.496501 -0.106519 0.861476
	diff 0.6 0.6 0.6
	amb 0.6 0.6 0.6
}
EventScripts {
	EVT continuosu true {
		enabled 1
		Core {
			Continuous {
				delay 1
			}
		}
	}
	EVT true 5 sec {
		enabled 1
		Core {
			Continuous {
				delay 5
			}
		}
	}
	EVT continuosu true 25 {
		enabled 1
		Core {
			Continuous {
				delay 0.25
			}
		}
	}
}
ActionScripts {
	ACT victory {
		triggerEvent 
		Conditions {
		}
		Commands {
			Endgame {
				result 1
			}
		}
	}
	ACT defeat {
		triggerEvent true 5 sec
		Conditions {
			Outpost {
				OwnedTeam {
					pickId 339
					teamId 0
					affirm 0
				}
			}
			Outpost {
				OwnedTeam {
					pickId 384
					teamId 0
					affirm 0
				}
			}
			Outpost {
				OwnedTeam {
					pickId 369
					teamId 0
					affirm 0
				}
			}
		}
		Commands {
			Message {
				string wall_27
			}
			Wait {
				paramType 1
				time 4
			}
			Endgame {
				result 0
			}
		}
	}
	ACT bombard1 {
		triggerEvent 
		Conditions {
		}
		Commands {
			Spawn {
				location bombard1
				spawnRotZ 0
				unitType BombsAirstrike
				order 0
				team 0
				count 1
			}
		}
	}
	ACT bombard2 {
		triggerEvent 
		Conditions {
		}
		Commands {
			Spawn {
				location bombard2
				spawnRotZ 0
				unitType BombsAirstrike
				order 0
				team 0
				count 1
			}
		}
	}
	ACT bombard3 {
		triggerEvent 
		Conditions {
		}
		Commands {
			Spawn {
				location bombard3
				spawnRotZ 0
				unitType BombsAirstrike
				order 0
				team 0
				count 1
			}
		}
	}
	ACT bombard4 {
		triggerEvent 
		Conditions {
		}
		Commands {
			Spawn {
				location bombard4
				spawnRotZ 0
				unitType BombsAirstrike
				order 0
				team 0
				count 1
			}
		}
	}
	ACT bombard5 {
		triggerEvent 
		Conditions {
		}
		Commands {
			Spawn {
				location bombard5
				spawnRotZ 0
				unitType BombsAirstrike
				order 0
				team 0
				count 1
			}
		}
	}
	ACT bombard6 {
		triggerEvent 
		Conditions {
		}
		Commands {
			Spawn {
				location bombard6
				spawnRotZ 0
				unitType BombsAirstrike
				order 0
				team 0
				count 1
			}
		}
	}
	ACT bombard7 {
		triggerEvent 
		Conditions {
		}
		Commands {
			Spawn {
				location bombard7
				spawnRotZ 0
				unitType BombsAirstrike
				order 0
				team 0
				count 1
			}
		}
	}
	ACT bombard8 {
		triggerEvent 
		Conditions {
		}
		Commands {
			Spawn {
				location bombard8
				spawnRotZ 0
				unitType BombsAirstrike
				order 0
				team 0
				count 1
			}
		}
	}
	ACT bombard9 {
		triggerEvent 
		Conditions {
		}
		Commands {
			Spawn {
				location bombard9
				spawnRotZ 0
				unitType BombsAirstrike
				order 0
				team 0
				count 1
			}
		}
	}
	ACT bombard10 {
		triggerEvent 
		Conditions {
		}
		Commands {
			Spawn {
				location bombard10
				spawnRotZ 0
				unitType BombsAirstrike
				order 0
				team 0
				count 1
			}
		}
	}
	ACT bombard11 {
		triggerEvent 
		Conditions {
		}
		Commands {
			Spawn {
				location bombard11
				spawnRotZ 0
				unitType BombsAirstrike
				order 0
				team 0
				count 1
			}
		}
	}
	ACT bombard12 {
		triggerEvent 
		Conditions {
		}
		Commands {
			Spawn {
				location bombard12
				spawnRotZ 0
				unitType BombsAirstrike
				order 0
				team 0
				count 1
			}
		}
	}
	ACT bombard13 {
		triggerEvent 
		Conditions {
		}
		Commands {
			Spawn {
				location bombard13
				spawnRotZ 0
				unitType BombsAirstrike
				order 0
				team 0
				count 1
			}
		}
	}
	ACT bombard14 {
		triggerEvent 
		Conditions {
		}
		Commands {
			Spawn {
				location bombard14
				spawnRotZ 0
				unitType BombsAirstrike
				order 0
				team 0
				count 1
			}
		}
	}
	ACT bombard15 {
		triggerEvent 
		Conditions {
		}
		Commands {
			Spawn {
				location bombard15
				spawnRotZ 0
				unitType BombsAirstrike
				order 0
				team 0
				count 1
			}
		}
	}
	ACT bombard16 {
		triggerEvent 
		Conditions {
		}
		Commands {
			Spawn {
				location bombard16
				spawnRotZ 0
				unitType BombsAirstrike
				order 0
				team 0
				count 1
			}
		}
	}
	ACT bombard17 {
		triggerEvent 
		Conditions {
		}
		Commands {
			Spawn {
				location bombard18
				spawnRotZ 0
				unitType BombsAirstrike
				order 0
				team 0
				count 2
			}
		}
	}
	ACT bombard18 {
		triggerEvent 
		Conditions {
		}
		Commands {
			Spawn {
				location bombard17
				spawnRotZ 0
				unitType BombsAirstrike
				order 0
				team 0
				count 2
			}
		}
	}
	ACT bombard19 {
		triggerEvent 
		Conditions {
		}
		Commands {
			Spawn {
				location bombard19
				spawnRotZ 0
				unitType BombsAirstrike
				order 0
				team 0
				count 2
			}
		}
	}
	ACT bombard20 {
		triggerEvent 
		Conditions {
		}
		Commands {
			Spawn {
				location bombard20
				spawnRotZ 0
				unitType BombsAirstrike
				order 0
				team 0
				count 2
			}
		}
	}
	ACT bombard21 {
		triggerEvent 
		Conditions {
		}
		Commands {
			Spawn {
				location bombard21
				spawnRotZ 0
				unitType BombsAirstrike
				order 0
				team 0
				count 2
			}
		}
	}
	ACT bombard22 {
		triggerEvent 
		Conditions {
		}
		Commands {
			Spawn {
				location bombard22
				spawnRotZ 0
				unitType BombsAirstrike
				order 0
				team 0
				count 2
			}
		}
	}
	ACT bombard23 {
		triggerEvent 
		Conditions {
		}
		Commands {
			Spawn {
				location bombard23
				spawnRotZ 0
				unitType BombsAirstrike
				order 0
				team 0
				count 2
			}
		}
	}
	ACT bombard24 {
		triggerEvent 
		Conditions {
		}
		Commands {
			Spawn {
				location bombard24
				spawnRotZ 0
				unitType BombsAirstrike
				order 0
				team 0
				count 2
			}
		}
	}
	ACT bombard25 {
		triggerEvent 
		Conditions {
		}
		Commands {
			Spawn {
				location bombard25
				spawnRotZ 0
				unitType BombsAirstrike
				order 0
				team 0
				count 2
			}
		}
	}
	ACT bombard26 {
		triggerEvent 
		Conditions {
		}
		Commands {
			Spawn {
				location bombard26
				spawnRotZ 0
				unitType BombsAirstrike
				order 0
				team 0
				count 2
			}
		}
	}
	ACT bombard27 {
		triggerEvent 
		Conditions {
		}
		Commands {
			Spawn {
				location bombard27
				spawnRotZ 0
				unitType BombsAirstrike
				order 0
				team 0
				count 2
			}
		}
	}
	ACT energybooster {
		triggerEvent continuosu true 25
		Conditions {
		}
		Commands {
			Player {
				option 2
				player 0
				value 0.15
				operation 1
			}
		}
	}
	ACT energybooster2 {
		triggerEvent continuosu true 25
		Conditions {
		}
		Commands {
			Player {
				option 2
				player 1
				value 0.15
				operation 1
			}
		}
	}
	ACT energybooster3 {
		triggerEvent continuosu true 25
		Conditions {
		}
		Commands {
			Player {
				option 2
				player 2
				value 0.15
				operation 1
			}
		}
	}
	ACT energybooster4 {
		triggerEvent continuosu true 25
		Conditions {
		}
		Commands {
			Player {
				option 2
				player 3
				value 0.15
				operation 1
			}
		}
	}
}
ScriptVariables {
}
objects {
	WO Canyon_J0 {
		pos 200 -8 0
		rot_x 0 -1 0
		rot_y 1 0 0
		. nsc
	}
	WO Canyon_J0 {
		pos 192 0 0
		rot_x 0 -1 0
		rot_y 1 0 0
		. nsc
	}
	WO Canyon_J0 {
		pos 192 -16 0
		rot_x 0 -1 0
		rot_y 1 0 0
		. nsc
	}
	WO Canyon_J0 {
		pos 184 8 0
		rot_x 0 -1 0
		rot_y 1 0 0
		. nsc
	}
	WO Canyon_J0 {
		pos 184 0 0
		rot_x 0 -1 0
		rot_y 1 0 0
		. nsc
	}
	WO Canyon_J0 {
		pos 184 -8 0
		rot_x 0 -1 0
		rot_y 1 0 0
		. nsc
	}
	WO Canyon_J0 {
		pos 184 -24 0
		rot_x 0 -1 0
		rot_y 1 0 0
		. nsc
	}
	WO Canyon_J0 {
		pos 176 16 0
		rot_x 0 -1 0
		rot_y 1 0 0
		. nsc
	}
	WO Canyon_J0 {
		pos 176 8 0
		rot_x 0 -1 0
		rot_y 1 0 0
		. nsc
	}
	WO Canyon_J0 {
		pos 176 0 0
		rot_x 0 -1 0
		rot_y 1 0 0
		. nsc
	}
	WO Canyon_J0 {
		pos 176 -8 0
		rot_x 0 -1 0
		rot_y 1 0 0
		. nsc
	}
	WO Canyon_J0 {
		pos 176 -16 0
		rot_x 0 -1 0
		rot_y 1 0 0
		. nsc
	}
	WO Canyon_J0 {
		pos 176 -32 0
		rot_x 0 -1 0
		rot_y 1 0 0
		. nsc
	}
	WO Canyon_J0 {
		pos 168 24 0
		rot_x 0 -1 0
		rot_y 1 0 0
		. nsc
	}
	WO Canyon_J0 {
		pos 168 16 0
		rot_x 0 -1 0
		rot_y 1 0 0
		. nsc
	}
	WO Canyon_J0 {
		pos 168 8 0
		rot_x 0 -1 0
		rot_y 1 0 0
		. nsc
	}
	WO Canyon_J0 {
		pos 168 0 0
		rot_x 0 -1 0
		rot_y 1 0 0
		. nsc
	}
	WO Canyon_J0 {
		pos 168 -8 0
		rot_x 0 -1 0
		rot_y 1 0 0
		. nsc
	}
	WO Canyon_J0 {
		pos 168 -16 0
		rot_x 0 -1 0
		rot_y 1 0 0
		. nsc
	}
	WO Canyon_J0 {
		pos 168 -24 0
		rot_x 0 -1 0
