// map: highway

// level embedded console commands 
CONSOLE gameUI enable PressAText
CONSOLE gameUI disable LoadingText
CONSOLE sym set IsLoaded 1
CONSOLE_IMMEDIATE rook setCreepLimit 6
CONSOLE_IMMEDIATE rook setLevelExpReqMult 1.8
CONSOLE_IMMEDIATE sym set S_Wave 0
CONSOLE_IMMEDIATE gfx reloadMasterMaterial master_EnvironmentMapped.mtl Boreal
CONSOLE_IMMEDIATE sym set IronHandSurvivalEnemies 1
CONSOLE_IMMEDIATE sym set ShowPlayerScore 1
CONSOLE_EXIT_IMMEDIATE sym set ShowPlayerScore 0
CONSOLE_EXIT_IMMEDIATE sym set IronHandSurvivalEnemies 0

mapInfo {
	MAPNAME highway
	MAPAUTHOR CarbonGames
	MAPDESCRIPTION HighwaytoHell
	SKYBOX mat_SkyBlueSmallClouds
	TILESET Boreal
	EDGING ToSalt
	GAMEMODE custom
	GAMESTYLE Survival
	PREGAME 3
	PREGAME_RADIUS 55
}

mapBounds {
	LEVELCAMERA_ZROT -45
	AutoExtShadowCheckAtZHeight 5
	FORCEBOX -80 80 -80 80 4 -45
	FORCEBOX2 -80 80 -80 80 4 -45
	MAPEXTMIN -108 -108 0
	MAPEXTMAX 108 108 0
	CAMERAEXTMIN -72 -65
	CAMERAEXTMAX 68 65
}

mapBalance {
}

editorSettings {
	TerrainSelectionActive Editor_Boreal
	TerrainArrayX 10
	TerrainArrayY 10
	TerrainPatternActive Editor_PatternSquare
}

planeZones {
  KILLPLANE -6
  TRANSFORMPLANE -10
}

fogValues {
	FOGCOLOR 191.25 51 0 3825
	FOGARGS 10 12
	DFOGCOLOR 201.210938 211.171875 239.0625 255
	DFOGCOLOR2 201.210938 211.171875 239.0625 255
	DFOGARGS 90 150
	DFOGARGS2 90 150
	CANVASCOLOR 166 130 55 0
}

gamelocations {
	GL {
		name fire5
		shape 0
		pos 60.150246 -36.437523 0.045059
		radius 1
	}
	GL {
		name fire6
		shape 0
		pos 36.45322 -12.865278 -0.162483
		radius 1
	}
	GL {
		name fire
		shape 0
		pos 51.658066 51.371197 -2.992706
		radius 1
	}
	GL {
		name fire2
		shape 0
		pos 59.981297 59.769669 -2.97187
		radius 1
	}
	GL {
		name fire1
		shape 0
		pos 91.75135 -3.657398 -0.159653
		radius 1
	}
	GL {
		name fire7
		shape 0
		pos 4.031248 -28.438902 0.004211
		radius 1
	}
	GL {
		name fire9
		shape 0
		pos -28.031254 19.35931 -3.032898
		radius 1
	}
	GL {
		name fire8
		shape 0
		pos -35.403519 -14.789465 0.004532
		radius 1
	}
	GL {
		name fire10
		shape 0
		pos 26.11496 104.836487 -0.028328
		radius 1
	}
	GL {
		name fire11
		shape 0
		pos -91.334724 34.853817 2.918327
		radius 1
	}
	GL {
		name fire12
		shape 0
		pos -86.321724 -44.435093 -0.029434
		radius 1
	}
	GL {
		name fire4
		shape 0
		pos 59.881802 -60.736534 -3.027512
		radius 1
	}
	GL {
		name southeast
		shape 0
		pos 40.014538 -93.739899 -0.000008
		radius 1
	}
	GL {
		name southwest
		shape 0
		pos -136.865967 18.479473 -0.000008
		radius 1
	}
	GL {
		name northwest
		shape 0
		pos 1.221726 156.524963 -0.000008
		radius 1
	}
	GL {
		name northeast
		shape 0
		pos 132.496246 -3.005993 -0.000008
		radius 1
	}
	GL {
		name farbase
		shape 0
		pos 71.215797 -8.368065 -0.000008
		radius 10
	}
	GL {
		name ambushers
		shape 0
		pos 139.489975 7.112726 0.000587
		radius 35
	}
}
combos {
combo deadtrees {
	pos 81.261177 -20.940929 -0.544999
	WO TreeDeadA {
		pos 81.007927 -21.791592 -0.949999
		rot_x -0.481963 0.789224 -0.380574
		rot_y -0.433885 -0.592332 -0.678886
		rot_z -0.76122 -0.162073 0.627915
		scl 2.389995
		id 1
	}
	WO TreeDeadA {
		pos 79.746941 -18.717413 -1.459999
		rot_x 0.284542 -0.920474 0.267888
		rot_y 0.94301 0.319038 0.094591
		rot_z -0.172535 0.225706 0.958795
		scl 2.389998
		id 2
	}
	WO TreeDeadC {
		pos 82.336357 -20.401146 -0.319998
		scl 1.38
		id 3
	}
	WO TreeDeadB {
		pos 81.360588 -19.925383 0.1
		id 179
	}
	WO TreeDeadD {
		pos 81.841072 -21.756607 -0.740001
		rot_x 0.986303 0 -0.164942
		rot_z 0.164942 0 0.986303
		scl 2.039999
		id 219
	}
	WO TreeDeadD {
		pos 81.274193 -23.053432 0.100003
		id 183
	}
}
combo deadtrees {
	pos 79.981377 4.047855 -0.544999
	WO TreeDeadA {
		pos 79.728127 3.197193 -0.949999
		rot_x -0.481963 0.789224 -0.380574
		rot_y -0.433885 -0.592332 -0.678886
		rot_z -0.76122 -0.162073 0.627915
		scl 2.389995
		id 8
	}
	WO TreeDeadA {
		pos 78.46714 6.271372 -1.459999
		rot_x 0.284542 -0.920474 0.267888
		rot_y 0.94301 0.319038 0.094591
		rot_z -0.172535 0.225706 0.958795
		scl 2.389998
		id 9
	}
	WO TreeDeadC {
		pos 81.056557 4.587639 -0.319998
		scl 1.38
		id 10
	}
	WO TreeDeadB {
		pos 80.080788 5.063402 0.1
		id 328
	}
	WO TreeDeadD {
		pos 80.561272 3.232178 -0.740001
		rot_x 0.986303 0 -0.164942
		rot_z 0.164942 0 0.986303
		scl 2.039999
		id 12
	}
	WO TreeDeadD {
		pos 79.994392 1.935352 0.100003
		id 13
	}
}
combo deadtrees {
	pos 43.161808 3.047634 1.915002
	WO TreeDeadA {
		pos 42.634895 3.668533 1.378182
		rot_x 0.984782 0.058104 -0.163874
		rot_y -0.161043 0.660117 -0.733705
		rot_z 0.065547 0.748918 0.659423
		scl 2.389995
		id 15
	}
	WO TreeDeadA {
		pos 45.972408 3.349685 1.623001
		rot_x -0.982886 0.177749 0.048677
		rot_y -0.174951 -0.982944 0.056799
		rot_z 0.057945 0.04731 0.997207
		scl 2.389998
		id 16
	}
	WO TreeDeadC {
		pos 43.088089 1.844843 2.128972
		rot_x -0.454651 -0.884511 -0.10464
		rot_y 0.861984 -0.466531 0.198389
		rot_z -0.224294 0 0.974531
		scl 1.38
		id 17
	}
	WO TreeDeadB {
		pos 43.847656 2.485963 2.734773
		rot_x -0.454651 -0.884511 -0.10464
		rot_y 0.861984 -0.466531 0.198389
		rot_z -0.224294 0 0.974531
		id 18
	}
	WO TreeDeadD {
		pos 42.239174 2.915294 1.502595
		rot_x -0.411428 -0.872396 -0.263947
		rot_y 0.861984 -0.466531 0.198389
		rot_z -0.296214 -0.145893 0.943923
		scl 2.039999
		id 19
	}
	WO TreeDeadD {
		pos 41.190617 4.021715 2.123257
		rot_x -0.454651 -0.884511 -0.10464
		rot_y 0.861984 -0.466531 0.198389
		rot_z -0.224294 0 0.974531
		id 20
	}
}
combo deadtrees {
	pos 28.729225 -26.425812 2.125002
	WO TreeDeadA {
		pos 29.43515 -26.831615 1.588181
		rot_x -0.906885 -0.388261 -0.163875
		rot_y 0.375133 -0.566541 -0.733708
		rot_z 0.192016 -0.726848 0.659425
		scl 2.389995
		id 22
	}
	WO TreeDeadA {
		pos 26.186935 -27.662176 1.832997
		rot_x 0.984994 0.165707 0.048678
		rot_y -0.168355 0.984101 0.056799
		rot_z -0.038495 -0.064142 0.997213
		scl 2.389998
		id 23
	}
	WO TreeDeadC {
		pos 28.390985 -25.26926 2.338966
		rot_x 0.128154 0.986234 -0.104641
		rot_y -0.969062 0.146958 0.19839
		rot_z 0.211034 0.075979 0.974536
		scl 1.38
		id 24
	}
	WO TreeDeadB {
		pos 27.89349 -26.129776 2.944766
		rot_x 0.128154 0.986234 -0.104641
		rot_y -0.969062 0.146958 0.19839
		rot_z 0.211034 0.075979 0.974536
		id 25
	}
	WO TreeDeadD {
		pos 29.552299 -25.988855 1.712593
		rot_x 0.09159 0.960193 -0.263949
		rot_y -0.969062 0.146958 0.19839
		rot_z 0.229282 0.23761 0.943928
		scl 2.039999
		id 26
	}
	WO TreeDeadD {
		pos 30.913698 -26.674671 2.333255
		rot_x 0.128154 0.986234 -0.104641
		rot_y -0.969062 0.146958 0.19839
		rot_z 0.211034 0.075979 0.974536
		id 27
	}
}
combo deadtrees {
	pos 100.723885 -22.662916 0.175003
	WO TreeDeadA {
		pos 101.429092 -23.068853 -0.361863
		rot_x -0.906885 -0.388267 -0.163877
		rot_y 0.375133 -0.566547 -0.733713
		rot_z 0.192015 -0.726854 0.659431
		scl 2.389995
		id 29
	}
	WO TreeDeadA {
		pos 98.180878 -23.899437 -0.117045
		rot_x 0.984994 0.165709 0.048679
		rot_y -0.168355 0.984112 0.056799
		rot_z -0.038496 -0.064143 0.997225
		scl 2.389998
		id 30
	}
	WO TreeDeadC {
		pos 100.384933 -21.506441 0.388925
		rot_x 0.128154 0.986246 -0.104643
		rot_y -0.969062 0.146959 0.198393
		rot_z 0.211032 0.07598 0.974548
		scl 1.38
		id 31
	}
	WO TreeDeadB {
		pos 99.887436 -22.366968 0.994728
		rot_x 0.128154 0.986246 -0.104643
		rot_y -0.969062 0.146959 0.198393
		rot_z 0.211032 0.07598 0.974548
		id 32
	}
	WO TreeDeadD {
		pos 101.546249 -22.226046 -0.237454
		rot_x 0.091591 0.960205 -0.263952
		rot_y -0.969062 0.146959 0.198393
		rot_z 0.22928 0.237613 0.94394
		scl 2.039999
		id 33
	}
	WO TreeDeadD {
		pos 102.907654 -22.911901 0.383214
		rot_x 0.128154 0.986246 -0.104643
		rot_y -0.969062 0.146959 0.198393
		rot_z 0.211032 0.07598 0.974548
		id 34
	}
}
combo deadtrees {
	pos 90.291077 17.210848 0.175003
	WO TreeDeadA {
		pos 89.667511 17.733004 -0.361896
		rot_x 0.960518 0.224951 -0.163878
		rot_y -0.27109 0.623069 -0.733719
		rot_z -0.062922 0.749155 0.659436
		scl 2.389995
		id 36
	}
	WO TreeDeadA {
		pos 93.010559 17.987123 -0.117075
		rot_x -0.998806 0.007791 0.048679
		rot_y -0.005035 -0.998406 0.056799
		rot_z 0.049048 0.056486 0.997235
		scl 2.389998
		id 37
	}
	WO TreeDeadC {
		pos 90.424576 16.013065 0.3889
		rot_x -0.297414 -0.949035 -0.104645
		rot_y 0.92884 -0.312948 0.198396
		rot_z -0.221017 -0.038194 0.974559
		scl 1.38
		id 38
	}
	WO TreeDeadB {
		pos 91.063904 16.774176 0.994709
		rot_x -0.297414 -0.949035 -0.104645
		rot_y 0.92884 -0.312948 0.198396
		rot_z -0.221017 -0.038194 0.974559
		id 39
	}
	WO TreeDeadD {
		pos 89.4058 16.923336 -0.237487
		rot_x -0.256886 -0.929737 -0.263954
		rot_y 0.92884 -0.312948 0.198396
		rot_z -0.267046 -0.194207 0.943951
		scl 2.039999
		id 40
	}
	WO TreeDeadD {
		pos 88.184128 17.835096 0.383189
		rot_x -0.297414 -0.949035 -0.104645
		rot_y 0.92884 -0.312948 0.198396
		rot_z -0.221017 -0.038194 0.974559
		id 41
	}
}
combo deadtrees {
	pos 89.370842 12.537828 2.935002
	WO TreeDeadA {
		pos 89.599419 13.318414 2.398219
		rot_x 0.591145 -0.789782 -0.163877
		rot_y 0.462134 0.49813 -0.733721
		rot_z 0.661096 0.357968 0.659439
		scl 2.389995
		id 43
	}
	WO TreeDeadA {
		pos 91.172394 10.357598 2.643049
		rot_x -0.393274 0.918161 0.048679
		rot_y -0.916687 -0.395632 0.0568
		rot_z 0.071411 -0.02229 0.997241
		scl 2.389998
		id 44
	}
	WO TreeDeadC {
		pos 88.32724 11.935357 3.149029
		rot_x -0.988668 -0.107982 -0.104646
		rot_y 0.085663 -0.976395 0.198399
		rot_z -0.123594 0.187169 0.974564
		scl 1.38
		id 45
	}
	WO TreeDeadB {
		pos 89.28083 11.654723 3.754839
		rot_x -0.988668 -0.107982 -0.104646
		rot_y 0.085663 -0.976395 0.198399
		rot_z -0.123594 0.187169 0.974564
		id 46
	}
	WO TreeDeadD {
		pos 88.752716 13.233573 2.522628
		rot_x -0.954742 -0.137374 -0.263956
		rot_y 0.085663 -0.976395 0.198399
		rot_z -0.284974 0.166795 0.943956
		scl 2.039999
		id 47
	}
	WO TreeDeadD {
		pos 89.098251 14.718285 3.143314
		rot_x -0.988668 -0.107982 -0.104646
		rot_y 0.085663 -0.976395 0.198399
		rot_z -0.123594 0.187169 0.974564
		id 48
	}
}
combo deadtrees {
	pos 79.403854 8.980112 2.935002
	WO TreeDeadA {
		pos 79.63253 9.760728 2.398213
		rot_x 0.591148 -0.789786 -0.163878
		rot_y 0.462136 0.498133 -0.733723
		rot_z 0.661098 0.357969 0.659441
		scl 2.389995
		id 200
	}
	WO TreeDeadA {
		pos 81.205505 6.79989 2.643042
		rot_x -0.393277 0.918166 0.048679
		rot_y -0.916691 -0.395634 0.0568
		rot_z 0.071411 -0.02229 0.997245
		scl 2.389998
		id 51
	}
	WO TreeDeadC {
		pos 78.360352 8.377655 3.149031
		rot_x -0.988673 -0.107982 -0.104647
		rot_y 0.085663 -0.976399 0.1984
		rot_z -0.123595 0.18717 0.974569
		scl 1.38
		id 194
	}
	WO TreeDeadB {
		pos 79.313942 8.09702 3.754841
		rot_x -0.988673 -0.107982 -0.104647
		rot_y 0.085663 -0.976399 0.1984
		rot_z -0.123595 0.18717 0.974569
		id 53
	}
	WO TreeDeadD {
		pos 78.785828 9.675887 2.522621
		rot_x -0.954746 -0.137375 -0.263957
		rot_y 0.085663 -0.976399 0.1984
		rot_z -0.284975 0.166795 0.943961
		scl 2.039999
		id 54
	}
	WO TreeDeadD {
		pos 79.131363 11.160609 3.143316
		rot_x -0.988673 -0.107982 -0.104647
		rot_y 0.085663 -0.976399 0.1984
		rot_z -0.123595 0.18717 0.974569
		id 55
	}
}
combo deadtrees {
	pos 2.458866 66.651436 2.125002
	WO TreeDeadA {
		pos 1.931949 67.272194 1.588182
		rot_x 0.984789 0.058106 -0.163875
		rot_y -0.161045 0.660117 -0.733705
		rot_z 0.065548 0.748918 0.659423
		scl 2.389995
		id 57
	}
	WO TreeDeadA {
		pos 5.269481 66.953346 1.832999
		rot_x -0.982892 0.177747 0.048678
		rot_y -0.174952 -0.982944 0.056799
		rot_z 0.057946 0.04731 0.997207
		scl 2.389998
		id 58
	}
	WO TreeDeadC {
		pos 2.385148 65.448509 2.338971
		rot_x -0.454654 -0.884511 -0.104639
		rot_y 0.86199 -0.466529 0.198389
		rot_z -0.224295 0 0.974531
		scl 1.38
		id 59
	}
	WO TreeDeadB {
		pos 3.144717 66.089622 2.944772
		rot_x -0.454654 -0.884511 -0.104639
		rot_y 0.86199 -0.466529 0.198389
		rot_z -0.224295 0 0.974531
		id 60
	}
	WO TreeDeadD {
		pos 1.536227 66.518959 1.712595
		rot_x -0.411431 -0.872396 -0.263947
		rot_y 0.86199 -0.466529 0.198389
		rot_z -0.296215 -0.145894 0.943923
		scl 2.039999
		id 61
	}
	WO TreeDeadD {
		pos 0.487665 67.625374 2.333257
		rot_x -0.454654 -0.884511 -0.104639
		rot_y 0.86199 -0.466529 0.198389
		rot_z -0.224295 0 0.974531
		id 62
	}
}
combo deadtrees {
	pos -1.280228 48.870384 2.125002
	WO TreeDeadA {
		pos -1.924641 48.260727 1.72005
		rot_x -0.022805 0.924495 -0.380582
		rot_y -0.671919 -0.296055 -0.67889
		rot_z -0.740282 0.24024 0.62792
		scl 2.389995
		id 208
	}
	WO TreeDeadA {
		pos -1.479658 51.553547 1.210041
		rot_x -0.213793 -0.939456 0.267895
		rot_y 0.976201 -0.195192 0.094593
		rot_z -0.036573 0.28174 0.958803
		scl 2.389998
		id 65
	}
	WO TreeDeadC {
		pos -0.078977 48.800663 2.35006
		rot_x 0.866043 -0.499994 0
		rot_y 0.49998 0.866062 0
		rot_z 0 0 1.000009
		scl 1.38
		id 66
	}
	WO TreeDeadB {
		pos -0.686163 49.700619 2.77006
		rot_x 0.866043 -0.499994 0
		rot_y 0.49998 0.866062 0
		rot_z 0 0 1.000009
		id 214
	}
	WO TreeDeadD {
		pos -1.185627 47.874481 1.93005
		rot_x 0.854181 -0.493146 -0.164941
		rot_y 0.49998 0.866062 0
		rot_z 0.142849 -0.082472 0.986312
		scl 2.039999
		id 221
	}
	WO TreeDeadD {
		pos -2.324954 47.034748 2.770084
		rot_x 0.866043 -0.499994 0
		rot_y 0.49998 0.866062 0
		rot_z 0 0 1.000009
		id 190
	}
}
combo deadtrees {
	pos 2.706863 47.88615 2.125002
	WO TreeDeadA {
		pos 1.768569 47.622017 2.09505
		rot_x 0.200212 0.840392 -0.503697
		rot_y -0.944796 0.029478 -0.326355
		rot_z -0.259406 0.541222 0.799878
		scl 2.389995
		id 189
	}
	WO TreeDeadA {
		pos 3.254542 50.383949 0.884935
		rot_x -0.446122 -0.749816 0.488676
		rot_y 0.762213 -0.604477 -0.231639
		rot_z 0.469068 0.269132 0.84117
		scl 2.389998
		id 193
	}
	WO TreeDeadC {
		pos 3.756999 47.295589 1.909376
		rot_x 0.510903 -0.829818 -0.224518
		rot_y 0.759688 0.558081 -0.333859
		rot_z 0.402327 0 0.915509
		scl 1.38
		id 187
	}
	WO TreeDeadB {
		pos 3.7889 48.370838 2.354122
		rot_x 0.510903 -0.829818 -0.224518
		rot_y 0.759688 0.558081 -0.333859
		rot_z 0.402327 0 0.915509
		id 192
	}
	WO TreeDeadD {
		pos 2.305285 46.950222 2.088568
		rot_x 0.437544 -0.818452 -0.372449
		rot_y 0.759688 0.558081 -0.333859
		rot_z 0.481086 -0.136874 0.865936
		scl 2.039999
		id 191
	}
	WO TreeDeadD {
		pos 1.368428 46.69685 3.417855
		rot_x 0.510903 -0.829818 -0.224518
		rot_y 0.759688 0.558081 -0.333859
		rot_z 0.402327 0 0.915509
		id 76
	}
}
combo deadtrees {
	pos -8.667191 -49.849091 2.125002
	WO TreeDeadA {
		pos -7.96129 -50.254902 1.58819
		rot_x -0.906885 -0.388264 -0.163876
		rot_y 0.375133 -0.566544 -0.73371
		rot_z 0.192015 -0.726851 0.659428
		scl 2.389995
		id 78
	}
	WO TreeDeadA {
		pos -11.209508 -51.085468 1.833005
		rot_x 0.984994 0.165708 0.048679
		rot_y -0.168355 0.984106 0.056799
		rot_z -0.038495 -0.064142 0.997218
		scl 2.389998
		id 79
	}
	WO TreeDeadC {
		pos -9.005456 -48.692539 2.338975
		rot_x 0.128154 0.98624 -0.104642
		rot_y -0.969062 0.146958 0.198392
		rot_z 0.211033 0.075979 0.974542
		scl 1.38
		id 80
	}
	WO TreeDeadB {
		pos -9.502952 -49.553059 2.944776
		rot_x 0.128154 0.98624 -0.104642
		rot_y -0.969062 0.146958 0.198392
		rot_z 0.211033 0.075979 0.974542
		id 81
	}
	WO TreeDeadD {
		pos -7.844141 -49.412136 1.712602
		rot_x 0.09159 0.960199 -0.26395
		rot_y -0.969062 0.146958 0.198392
		rot_z 0.229281 0.237612 0.943934
		scl 2.039999
		id 82
	}
	WO TreeDeadD {
		pos -6.482743 -50.097958 2.333265
		rot_x 0.128154 0.98624 -0.104642
		rot_y -0.969062 0.146958 0.198392
		rot_z 0.211033 0.075979 0.974542
		id 83
	}
}
combo deadtrees {
	pos -91.98111 -11.60764 2.335002
	WO TreeDeadA {
		pos -91.275032 -12.013421 1.798264
		rot_x -0.906885 -0.388267 -0.163877
		rot_y 0.375133 -0.566547 -0.733714
		rot_z 0.192015 -0.726855 0.659431
		scl 2.389995
		id 85
	}
	WO TreeDeadA {
		pos -94.523254 -12.843991 2.04308
		rot_x 0.984994 0.165709 0.048679
		rot_y -0.168355 0.984113 0.056799
		rot_z -0.038496 -0.064143 0.997225
		scl 2.389998
		id 86
	}
	WO TreeDeadC {
		pos -92.319206 -10.451034 2.549045
		rot_x 0.128154 0.986246 -0.104643
		rot_y -0.969062 0.146959 0.198393
		rot_z 0.211032 0.07598 0.974549
		scl 1.38
		id 87
	}
	WO TreeDeadB {
		pos -92.816696 -11.311566 3.154848
		rot_x 0.128154 0.986246 -0.104643
		rot_y -0.969062 0.146959 0.198393
		rot_z 0.211032 0.07598 0.974549
		id 88
	}
	WO TreeDeadD {
		pos -91.15789 -11.170642 1.922675
		rot_x 0.091591 0.960206 -0.263952
		rot_y -0.969062 0.146959 0.198393
		rot_z 0.22928 0.237614 0.943941
		scl 2.039999
		id 89
	}
	WO TreeDeadD {
		pos -89.796486 -11.856477 2.543337
		rot_x 0.128154 0.986246 -0.104643
		rot_y -0.969062 0.146959 0.198393
		rot_z 0.211032 0.07598 0.974549
		id 90
	}
}
combo deadtrees {
	pos -8.473558 67.137947 2.125002
	WO TreeDeadA {
		pos -9.117971 66.52829 1.72005
		rot_x -0.022805 0.924495 -0.380582
		rot_y -0.671919 -0.296055 -0.67889
		rot_z -0.740282 0.24024 0.62792
		scl 2.389995
		id 92
	}
	WO TreeDeadA {
		pos -8.672989 69.821106 1.210041
		rot_x -0.213793 -0.939456 0.267895
		rot_y 0.976201 -0.195192 0.094593
		rot_z -0.036573 0.28174 0.958803
		scl 2.389998
		id 93
	}
	WO TreeDeadC {
		pos -7.272307 67.06823 2.35006
		rot_x 0.866043 -0.499994 0
		rot_y 0.49998 0.866062 0
		rot_z 0 0 1.000009
		scl 1.38
		id 94
	}
	WO TreeDeadB {
		pos -7.879494 67.968178 2.77006
		rot_x 0.866043 -0.499994 0
		rot_y 0.49998 0.866062 0
		rot_z 0 0 1.000009
		id 95
	}
	WO TreeDeadD {
		pos -8.378958 66.142044 1.93005
		rot_x 0.854181 -0.493146 -0.164941
		rot_y 0.49998 0.866062 0
		rot_z 0.142849 -0.082472 0.986312
		scl 2.039999
		id 96
	}
	WO TreeDeadD {
		pos -9.518284 65.302307 2.770084
		rot_x 0.866043 -0.499994 0
		rot_y 0.49998 0.866062 0
		rot_z 0 0 1.000009
		id 97
	}
}
combo deadtrees {
	pos -21.546019 54.746212 2.125002
	WO TreeDeadA {
		pos -21.618343 55.630417 1.720048
		rot_x 0.735397 -0.560716 -0.380582
		rot_y 0.189525 0.709369 -0.67889
		rot_z 0.650626 0.427106 0.62792
		scl 2.389995
		id 99
	}
	WO TreeDeadA {
		pos -19.328318 53.222836 1.210039
		rot_x -0.599015 0.75463 0.267895
		rot_y -0.763114 -0.639317 0.094593
		rot_z 0.242649 -0.147772 0.958803
		scl 2.389998
		id 100
	}
	WO TreeDeadC {
		pos -22.352095 53.852909 2.350058
		rot_x -0.931935 -0.362661 0
		rot_y 0.362684 -0.931936 0
		rot_z 0 0 1.000009
		scl 1.38
		id 101
	}
	WO TreeDeadB {
		pos -21.270164 53.763374 2.770058
		rot_x -0.931935 -0.362661 0
		rot_y 0.362684 -0.931936 0
		rot_z 0 0 1.000009
		id 102
	}
	WO TreeDeadD {
		pos -22.38205 55.295677 1.930048
		rot_x -0.919171 -0.357693 -0.164941
		rot_y 0.362684 -0.931936 0
		rot_z -0.153718 -0.059818 0.986312
		scl 2.039999
		id 103
	}
	WO TreeDeadD {
		pos -22.324131 56.709858 2.770082
		rot_x -0.931935 -0.362661 0
		rot_y 0.362684 -0.931936 0
		rot_z 0 0 1.000009
		id 104
	}
}
combo deadtrees {
	pos 21.652924 75.454803 2.125002
	WO TreeDeadA {
		pos 20.71463 75.190674 2.09505
		rot_x 0.200212 0.840392 -0.503697
		rot_y -0.944796 0.029478 -0.326355
		rot_z -0.259406 0.541222 0.799878
		scl 2.389995
		id 106
	}
	WO TreeDeadA {
		pos 22.200602 77.952606 0.884935
		rot_x -0.446122 -0.749816 0.488676
		rot_y 0.762213 -0.604477 -0.231639
		rot_z 0.469068 0.269132 0.84117
		scl 2.389998
		id 107
	}
	WO TreeDeadC {
		pos 22.703058 74.864243 1.909376
		rot_x 0.510903 -0.829818 -0.224518
		rot_y 0.759688 0.558081 -0.333859
		rot_z 0.402327 0 0.915509
		scl 1.38
		id 108
	}
	WO TreeDeadB {
		pos 22.734961 75.939491 2.354122
		rot_x 0.510903 -0.829818 -0.224518
		rot_y 0.759688 0.558081 -0.333859
		rot_z 0.402327 0 0.915509
		id 109
	}
	WO TreeDeadD {
		pos 21.251345 74.518875 2.088568
		rot_x 0.437544 -0.818452 -0.372449
		rot_y 0.759688 0.558081 -0.333859
		rot_z 0.481086 -0.136874 0.865936
		scl 2.039999
		id 110
	}
	WO TreeDeadD {
		pos 20.314487 74.265503 3.417855
		rot_x 0.510903 -0.829818 -0.224518
		rot_y 0.759688 0.558081 -0.333859
		rot_z 0.402327 0 0.915509
		id 111
	}
}
combo deadtrees {
	pos 16.70949 81.99234 2.125002
	WO TreeDeadA {
		pos 16.065077 81.382683 1.72005
		rot_x -0.022805 0.924495 -0.380582
		rot_y -0.671919 -0.296055 -0.67889
		rot_z -0.740282 0.24024 0.62792
		scl 2.389995
		id 113
	}
	WO TreeDeadA {
		pos 16.510059 84.675507 1.210041
		rot_x -0.213793 -0.939456 0.267895
		rot_y 0.976201 -0.195192 0.094593
		rot_z -0.036573 0.28174 0.958803
		scl 2.389998
		id 114
	}
	WO TreeDeadC {
		pos 17.91074 81.922623 2.35006
		rot_x 0.866043 -0.499994 0
		rot_y 0.49998 0.866062 0
		rot_z 0 0 1.000009
		scl 1.38
		id 115
	}
	WO TreeDeadB {
		pos 17.303555 82.822571 2.77006
		rot_x 0.866043 -0.499994 0
		rot_y 0.49998 0.866062 0
		rot_z 0 0 1.000009
		id 116
	}
	WO TreeDeadD {
		pos 16.80409 80.996437 1.93005
		rot_x 0.854181 -0.493146 -0.164941
		rot_y 0.49998 0.866062 0
		rot_z 0.142849 -0.082472 0.986312
		scl 2.039999
		id 117
	}
	WO TreeDeadD {
		pos 15.664764 80.1567 2.770084
		rot_x 0.866043 -0.499994 0
		rot_y 0.49998 0.866062 0
		rot_z 0 0 1.000009
		id 118
	}
}
combo deadtrees {
	pos -97.827759 28.065891 2.125002
	WO TreeDeadA {
		pos -97.900253 28.95015 1.720048
		rot_x 0.735397 -0.560716 -0.380582
		rot_y 0.189525 0.709369 -0.67889
		rot_z 0.650626 0.427106 0.62792
		scl 2.389995
		id 195
	}
	WO TreeDeadA {
		pos -95.610229 26.542566 1.210039
		rot_x -0.599015 0.75463 0.267895
		rot_y -0.763114 -0.639317 0.094593
		rot_z 0.242649 -0.147772 0.958803
		scl 2.389998
		id 196
	}
	WO TreeDeadC {
		pos -98.634003 27.17264 2.350058
		rot_x -0.931935 -0.362661 0
		rot_y 0.362684 -0.931936 0
		rot_z 0 0 1.000009
		scl 1.38
		id 197
	}
	WO TreeDeadB {
		pos -97.552078 27.083105 2.770058
		rot_x -0.931935 -0.362661 0
		rot_y 0.362684 -0.931936 0
		rot_z 0 0 1.000009
		id 199
	}
	WO TreeDeadD {
		pos -98.663956 28.61541 1.930048
		rot_x -0.919171 -0.357693 -0.164941
		rot_y 0.362684 -0.931936 0
		rot_z -0.153718 -0.059818 0.986312
		scl 2.039999
		id 212
	}
	WO TreeDeadD {
		pos -98.606033 30.029591 2.770082
		rot_x -0.931935 -0.362661 0
		rot_y 0.362684 -0.931936 0
		rot_z 0 0 1.000009
		id 211
	}
}
combo deadtrees {
	pos -97.700874 -11.760605 -0.664998
	WO TreeDeadA {
		pos -98.583801 -11.846481 -1.069956
		rot_x 0.549593 0.74375 -0.380582
		rot_y -0.712141 0.178834 -0.67889
		rot_z -0.436845 0.644129 0.62792
		scl 2.389995
		id 209
	}
	WO TreeDeadA {
		pos -96.210976 -9.520537 -1.579965
		rot_x -0.745535 -0.6103 0.267895
		rot_y 0.650725 -0.753413 0.094593
		rot_z 0.144105 0.244845 0.958803
		scl 2.389998
		id 128
	}
	WO TreeDeadC {
		pos -96.795509 -12.553408 -0.439945
		rot_x 0.376638 -0.926377 0
		rot_y 0.926377 0.376662 0
		rot_z 0 0 1.000009
		scl 1.38
		id 207
	}
	WO TreeDeadB {
		pos -96.722267 -11.470292 -0.019945
		rot_x 0.376638 -0.926377 0
		rot_y 0.926377 0.376662 0
		rot_z 0 0 1.000009
		id 206
	}
	WO TreeDeadD {
		pos -98.237656 -12.605062 -0.859955
		rot_x 0.371479 -0.913689 -0.164941
		rot_y 0.926377 0.376662 0
		rot_z 0.062124 -0.152801 0.986312
		scl 2.039999
		id 131
	}
	WO TreeDeadD {
		pos -99.652557 -12.568419 -0.019921
		rot_x 0.376638 -0.926377 0
		rot_y 0.926377 0.376662 0
		rot_z 0 0 1.000009
		id 132
	}
}
combo deadtrees {
	pos -28.366249 -73.474007 2.125002
	WO TreeDeadA {
		pos -27.660349 -73.879814 1.58819
		rot_x -0.906885 -0.388264 -0.163876
		rot_y 0.375133 -0.566544 -0.73371
		rot_z 0.192015 -0.726851 0.659428
		scl 2.389995
		id 134
	}
	WO TreeDeadA {
		pos -30.908566 -74.710388 1.833005
		rot_x 0.984994 0.165708 0.048679
		rot_y -0.168355 0.984106 0.056799
		rot_z -0.038495 -0.064142 0.997218
		scl 2.389998
		id 135
	}
	WO TreeDeadC {
		pos -28.704514 -72.317459 2.338975
		rot_x 0.128154 0.98624 -0.104642
		rot_y -0.969062 0.146958 0.198392
		rot_z 0.211033 0.075979 0.974542
		scl 1.38
		id 136
	}
	WO TreeDeadB {
		pos -29.202011 -73.177971 2.944776
		rot_x 0.128154 0.98624 -0.104642
		rot_y -0.969062 0.146958 0.198392
		rot_z 0.211033 0.075979 0.974542
		id 137
	}
	WO TreeDeadD {
		pos -27.5432 -73.037056 1.712602
		rot_x 0.09159 0.960199 -0.26395
		rot_y -0.969062 0.146958 0.198392
		rot_z 0.229281 0.237612 0.943934
		scl 2.039999
		id 138
	}
	WO TreeDeadD {
		pos -26.181801 -73.722878 2.333265
		rot_x 0.128154 0.98624 -0.104642
		rot_y -0.969062 0.146958 0.198392
		rot_z 0.211033 0.075979 0.974542
		id 139
	}
}
combo IronGarrison {
	pos 50.038765 -43.420055 4.440001
}
combo IronGarrison {
	pos 53.546223 31.06908 1.326207
	WO SaltTank {
		pos 49.652912 28.205433 -0.431899
		id 141
	}
	WO FortressPiece_Side {
		pos 53.131077 29.795563 -0.431886
		rot_x -0.012466 0.999922 0
		rot_y -0.999922 -0.012466 0
		scl 1.28
		id 142
	}
	WO FortressPiece_Building1 {
		pos 52.609905 31.721176 -0.431899
		id 143
	}
	WO IronHand_ArmorPlate {
		pos 55.37756 30.310818 4.55812
		scl 0.49
		id 144
	}
	WO FortressPiece_TrainStation {
		pos 55.42918 31.233524 4.017167
		id 145
	}
	WO FortressPiece_Pipe1 {
		pos 58.497295 29.80349 -0.331889
		id 146
	}
	WO FortressPiece_Pipe1 {
		pos 46.75909 29.866482 -0.331889
		rot_x -0.996718 0.080957 0
		rot_y -0.080957 -0.996718 0
		id 147
	}
	WO FortressPiece_Corner {
		pos 49.443111 34.175587 -0.29046
		id 148
	}
	WO FortressPiece_Corner {
		pos 57.163319 33.983425 -0.29046
		rot_x -0.0018 -0.999998 0
		rot_y 0.999998 -0.0018 0
		id 149
	}
	WO IronHand_LandingLight {
		pos 55.597515 31.534096 6.126215
		id 150
	}
	WO FortressPiece_TrainStation {
		pos 55.347561 31.130291 2.427146
		id 151
	}
}
combo deadtrees {
	pos 6.508057 -66.131363 -1.144998
	WO TreeDeadA {
		pos 7.213957 -66.537178 -1.68181
		rot_x -0.906885 -0.388264 -0.163876
		rot_y 0.375133 -0.566544 -0.73371
		rot_z 0.192015 -0.726851 0.659428
		scl 2.389995
		id 153
	}
	WO TreeDeadA {
		pos 3.965739 -67.367744 -1.436995
		rot_x 0.984994 0.165708 0.048679
		rot_y -0.168355 0.984106 0.056799
		rot_z -0.038495 -0.064142 0.997218
		scl 2.389998
		id 154
	}
	WO TreeDeadC {
		pos 6.169791 -64.974815 -0.931025
		rot_x 0.128154 0.98624 -0.104642
		rot_y -0.969062 0.146958 0.198392
		rot_z 0.211033 0.075979 0.974542
		scl 1.38
		id 155
	}
	WO TreeDeadB {
		pos 5.672296 -65.835335 -0.325223
		rot_x 0.128154 0.98624 -0.104642
		rot_y -0.969062 0.146958 0.198392
		rot_z 0.211033 0.075979 0.974542
		id 156
	}
	WO TreeDeadD {
		pos 7.331106 -65.694405 -1.557398
		rot_x 0.09159 0.960199 -0.26395
		rot_y -0.969062 0.146958 0.198392
		rot_z 0.229281 0.237612 0.943934
		scl 2.039999
		id 157
	}
	WO TreeDeadD {
		pos 8.692505 -66.380226 -0.936735
		rot_x 0.128154 0.98624 -0.104642
		rot_y -0.969062 0.146958 0.198392
		rot_z 0.211033 0.075979 0.974542
		id 158
	}
}
combo pupplatform {
	pos 25.392117 69.302017 3.000004
	WO FortressPiece_Square {
		pos 24.229162 69.429688 2.981738
		id 160
	}
	WO TutorialProps_Canister6 {
		pos 21.087969 71.898972 2.801845
		id 161
	}
	WO TutorialProps_Canister6 {
		pos 21.252146 66.791916 2.801845
		id 162
	}
	WO TutorialProps_Canister6 {
		pos 26.858969 66.610077 2.801845
		id 163
	}
	WO TutorialProps_Canister6 {
		pos 27.266638 71.859695 2.801845
		id 164
	}
	WO NesthornFortressProps_Debris4 {
		pos 27.807695 69.094627 3.041845
		id 165
	}
	WO NesthornFortressProps_Debris4 {
		pos 27.8515 70.160057 3.041845
		id 166
	}
	WO NesthornFortressProps_Debris4 {
		pos 27.837831 68.06604 3.041845
		id 167
	}
}
combo pupplatform {
	pos 2.882681 -51.070889 2.998477
	WO FortressPiece_Square {
		pos 1.719725 -50.943211 2.980211
		id 205
	}
	WO TutorialProps_Canister6 {
		pos -1.421469 -48.473927 2.800318
		id 204
	}
	WO TutorialProps_Canister6 {
		pos -1.257292 -53.580982 2.800318
		id 203
	}
	WO TutorialProps_Canister6 {
		pos 4.349531 -53.762825 2.800318
		id 202
	}
	WO TutorialProps_Canister6 {
		pos 4.7572 -48.51321 2.800318
		id 173
	}
	WO NesthornFortressProps_Debris4 {
		pos 5.298258 -51.278275 3.040318
		id 201
	}
	WO NesthornFortressProps_Debris4 {
		pos 5.342062 -50.212845 3.040318
		id 175
	}
	WO NesthornFortressProps_Debris4 {
		pos 5.328394 -52.306866 3.040318
		id 176
	}
}
}
airmech {
	AILevel -1
	Player 0 {
		startLoc -75.374863 3.470419 9.120002
		startLevel 0
		pilot dynamic 
		airmech dynamic 
		aiScript dynamic 
	}
	Player 1 {
		startLoc -73.508446 6.432296 9.120002
		startLevel 0
		pilot dynamic 
		airmech dynamic 
		aiScript dynamic 
	}
	Player 2 {
		startLoc -80.287346 8.745045 9.120002
		startLevel 0
		pilot dynamic 
		airmech dynamic 
		aiScript dynamic 
	}
	Player 3 {
		startLoc -75.341194 9.849227 9.120002
		startLevel 0
		pilot dynamic 
		airmech dynamic 
		aiScript dynamic 
	}
	Player 4 {
		startLoc -80.350052 3.777008 9.120002
		startLevel 0
		pilot dynamic 
		airmech dynamic 
		aiScript dynamic 
	}
	Player 5 {
		startLoc -77.952469 6.199968 9.120002
		startLevel 0
		pilot dynamic 
		airmech dynamic 
		aiScript dynamic 
	}
}
DIR_LIGHT {
	pos 488.752014 -204.855988 848.029968
	dir 0.488752 -0.204856 0.84803
	diff 0.7 0.6 0.4
	amb 0.4 0.4 0.4
}
EventScripts {
	EVT 1 sec true {
		enabled 1
		Core {
			Continuous {
				delay 1
			}
		}
	}
	EVT 5 sec true {
		enabled 1
		Core {
			Continuous {
				delay 5
			}
		}
	}
}
ActionScripts {
	ACT victory {
		triggerEvent 
		Conditions {
		}
		Commands {
			Endgame {
				result 1
			}
		}
	}
	ACT ticker {
		triggerEvent 1 sec true
		Conditions {
		}
		Commands {
			Variable {
				varName ticker
				operation 1
				paramType 1
				value 1
			}
		}
	}
	ACT defeat {
		triggerEvent 1 sec true
		Conditions {
			Variable {
				varName ticker
				comparison 0
				value 600
			}
			Outpost {
				OwnedTeam {
					pickId 424
					teamId 0
					affirm 0
				}
			}
		}
		Commands {
			Endgame {
				result 0
			}
		}
	}
	ACT ambush {
		triggerEvent 1 sec true
		Conditions {
			Airmech {
				InLocation {
					location farbase
					player 0
					affirm 0
				}
			}
		}
		Commands {
			OrderUnit {
				location ambushers
				targetLoc farbase
				order 0
				team 6
			}
		}
	}
	ACT fort defeat {
		triggerEvent 1 sec true
		Conditions {
			Fort {
				IsAlive {
					pickId 11
					affirm 0
				}
			}
		}
		Commands {
			Endgame {
				result 0
			}
		}
	}
}
ScriptVariables {
	VAR ticker {
		type 0 
		value 0
	}
}
objects {
	WO Boreal_B0 {
		pos 48 -32 0
		rot_x 0 -1 0
		rot_y 1 0 0
		. mtmm 10
	}
	WO Boreal_A0 {
		pos 64 -16 0
		rot_x -1 0 0
		rot_y 0 -1 0
		. mtmm 8
	}
	WO Boreal_B1 {
		pos 72 0 0
		rot_x 0 -1 0
		rot_y 1 0 0
		. mtmm 4
	}
	WO Boreal_A0 {
		pos 64 -8 0
		. mtmm 2
	}
	WO Boreal_A0 {
		pos 56 -24 0
		rot_x -1 0 0
		rot_y 0 -1 0
		. mtmm 4
	}
	WO Boreal_C0 {
		pos 56 -48 -3
		rot_x -1 0 0
		rot_y 0 -1 0
	}
	WO Boreal_C0 {
		pos 64 8 0
		rot_x 0 1 0
		rot_y -1 0 0
	}
	WO Boreal_H1 {
		pos 64 -32 -3
	}
	WO Boreal_A0 {
		pos -64 16 0
		. mtmm 4
	}
	WO Boreal_E0 {
		pos 64 16 0
		rot_x 0 1 0
		rot_y -1 0 0
	}
	WO Boreal_A0 {
		pos -80 0 0
		rot_x -1 0 0
		rot_y 0 -1 0
	}
	WO Boreal_A0 {
		pos -48 0 0
		rot_x 0 -1 0
		rot_y 1 0 0
		. mtmm 4
	}
	WO Boreal_B0 {
		pos 64 24 0
	}
	WO Boreal_D0 {
		pos 64 40 -3
		rot_x 0 -1 0
		rot_y 1 0 0
		. mtmm 8
	}
	WO Boreal_B0 {
		pos 64 48 -3
		rot_x 0 1 0
		rot_y -1 0 0
	}
	WO Boreal_C0 {
		pos -40 -40 -3
		rot_x -1 0 0
		rot_y 0 -1 0
		. mtmm 1
	}
	WO Boreal_B0 {
		pos -40 -48 -3
		rot_x 0 1 0
		rot_y -1 0 0
		. mtmm 8
	}
	WO Boreal_C0 {
		pos -40 -56 -3
		rot_x 0 1 0
		rot_y -1 0 0
		. mtmm 14
	}
	WO Boreal_D0 {
		pos -40 64 -3
		. mtmm 8
	}
	WO Boreal_C0 {
		pos -40 56 -3
		rot_x 0 1 0
		rot_y -1 0 0
		. mtmm 6
	}
	WO Boreal_C0 {
		pos 56 40 -3
	}
	WO Boreal_C0 {
		pos 56 24 0
	}
	WO Boreal_C0 {
		pos 56 16 0
		rot_x -1 0 0
		rot_y 0 -1 0
	}
	WO Boreal_B0 {
		pos 56 8 0
	}
	WO Boreal_A0 {
		pos 48 -8 0
		rot_x 0 1 0
		rot_y -1 0 0
		. mtmm 9
	}
	WO Boreal_A0 {
		pos 48 -16 0
		. mtmm 6
	}
	WO Boreal_A0 {
		pos 64 -24 0
		rot_x 0 -1 0
		rot_y 1 0 0
		. mtmm 2
	}
	WO Boreal_H0 {
		pos 56 -40 -3
		rot_x -1 0 0
		rot_y 0 -1 0
		. mtmm 1
	}
	WO Boreal_D1 {
		pos 40 -40 -3
	}
	WO Boreal_A0 {
		pos -48 -8 0
		rot_x 0 -1 0
		rot_y 1 0 0
		. mtmm 5
	}
	WO Boreal_D0 {
		pos -40 8 -3
		rot_x -1 0 0
		rot_y 0 -1 0
		. mtmm 8
	}
	WO Boreal_C0 {
		pos 56 -72 -3
	}
	WO Boreal_A0 {
		pos -64 -8 0
		rot_x -1 0 0
		rot_y 0 -1 0
		. mtmm 11
	}
	WO Boreal_A0 {
		pos -88 0 0
		rot_x -1 0 0
		rot_y 0 -1 0
	}
	WO Boreal_B0 {
		pos -24 96 0
		rot_x -1 0 0
		rot_y 0 -1 0
	}
	WO Boreal_B0 {
		pos -24 64 0
		rot_x 0 1 0
		rot_y -1 0 0
	}
	WO Boreal_C0 {
		pos -24 56 0
		rot_x 0 1 0
		rot_y -1 0 0
	}
	WO Boreal_B0 {
		pos -80 56 0
		. mtmm 2
	}
	WO Boreal_C0 {
		pos -24 48 0
		rot_x 0 1 0
		rot_y -1 0 0
	}
	WO Boreal_Ab {
		pos -72 8 0
		. mtmm 2
	}
	WO Boreal_Ab {
		pos -80 -8 0
		rot_x 0 1 0
		rot_y -1 0 0
		. mtmm 8
	}
	WO Boreal_C0 {
		pos 72 -56 -3
		rot_x 0 1 0
		rot_y -1 0 0
		. mtmm 10
	}
	WO Boreal_D0 {
		pos 72 -48 -3
		. mtmm 8
	}
	WO Boreal_C2 {
		pos 80 -32 0
		rot_x 0 1 0
		rot_y -1 0 0
		. mtmm 8
	}
	WO Boreal_B0 {
		pos 80 -24 0
		rot_x 0 1 0
		rot_y -1 0 0
	}
	WO Boreal_H1 {
		pos 88 -8 -3
		rot_x -1 0 0
		rot_y 0 -1 0
	}
	WO Boreal_B0 {
		pos -24 40 0
		rot_x -1 0 0
		rot_y 0 -1 0
	}
	WO Boreal_B1 {
		pos -40 40 -3
		rot_x -1 0 0
		rot_y 0 -1 0
		. mtmm 1
	}
	WO Boreal_D0 {
		pos 48 72 -3
		rot_x 0 1 0
		rot_y -1 0 0
		. mtmm 1
	}
	WO Boreal_B0 {
		pos 48 64 -3
		rot_x 0 -1 0
		rot_y 1 0 0
		. mtmm 8
	}
	WO Boreal_C0 {
		pos 48 40 -3
	}
	WO Boreal_C0 {
		pos 48 24 0
	}
	WO Boreal_C0 {
		pos 48 16 0
		rot_x -1 0 0
		rot_y 0 -1 0
	}
	WO Boreal_B1 {
		pos 64 0 0
		rot_x -1 0 0
		rot_y 0 -1 0
		. mtmm 8
	}
	WO Boreal_A0 {
		pos 72 -8 0
		. mtmm 1
	}
	WO Boreal_D0 {
		pos 72 8 0
		rot_x 0 1 0
		rot_y -1 0 0
	}
	WO Boreal_C0 {
		pos 48 8 0
		. mtmm 4
	}
	WO Boreal_A0 {
		pos 56 -16 0
		rot_x -1 0 0
		rot_y 0 -1 0
		. mtmm 1
	}
	WO Boreal_A0 {
		pos 56 -8 0
		rot_x 0 1 0
		rot_y -1 0 0
		. mtmm 4
	}
	WO Boreal_C0 {
		pos 48 0 0
		rot_x -1 0 0
		rot_y 0 -1 0
		. mtmm 5
	}
	WO Boreal_C0 {
		pos 72 16 0
	}
	WO Boreal_C2 {
		pos 16 -40 0
		rot_x 0 1 0
		rot_y -1 0 0
	}
	WO Boreal_D0 {
		pos 72 48 -3
		rot_x 0 -1 0
		rot_y 1 0 0
		. mtmm 2
	}
	WO Boreal_D0 {
		pos 32 -48 -3
		rot_x -1 0 0
		rot_y 0 -1 0
		. mtmm 1
	}
	WO Boreal_C0 {
		pos 40 -32 0
		rot_x -1 0 0
		rot_y 0 -1 0
	}
	WO Boreal_D1 {
		pos -24 -72 0
		rot_x 0 1 0
		rot_y -1 0 0
		. mtmm 2
	}
	WO Boreal_Ab {
		pos 40 -56 0
	}
	WO Boreal_D0 {
		pos 48 -72 -3
		rot_x -1 0 0
		rot_y 0 -1 0
	}
	WO Boreal_C0 {
		pos -24 8 -3
		. mtmm 1
	}
	WO Boreal_Ab {
		pos -16 -8 0
		. mtmm 10
	}
	WO Boreal_A0 {
		pos -8 -16 0
		rot_x 0 -1 0
		rot_y 1 0 0
		. mtmm 1
	}
	WO Boreal_Ab {
		pos -16 0 0
		rot_x -1 0 0
		rot_y 0 -1 0
		. mtmm 8
	}
	WO Boreal_D1 {
		pos -8 -32 -3
		. mtmm 8
	}
	WO Boreal_C0 {
		pos -8 -80 -3
		rot_x -1 0 0
		rot_y 0 -1 0
	}
	WO Boreal_C0 {
		pos -16 -64 0
		rot_x 0 -1 0
		rot_y 1 0 0
		. mtmm 6
	}
	WO Boreal_E0 {
		pos -16 -56 0
		rot_x -1 0 0
		rot_y 0 -1 0
		. mtmm 8
	}
	WO Boreal_B0 {
		pos -24 -40 -3
		rot_x 0 1 0
		rot_y -1 0 0
		. mtmm 11
	}
	WO Boreal_D0 {
		pos -24 -48 -3
		rot_x 0 -1 0
		rot_y 1 0 0
		. mtmm 6
	}
	WO Boreal_B0 {
		pos -24 -56 0
		rot_x 0 1 0
		rot_y -1 0 0
		. mtmm 1
	}
	WO Boreal_D0 {
		pos -24 -64 0
		rot_x 0 -1 0
		rot_y 1 0 0
		. mtmm 8
	}
	WO Boreal_H0 {
		pos -56 -24 -3
		rot_x -1 0 0
		rot_y 0 -1 0
	}
	WO Boreal_B0 {
		pos -16 -48 0
		rot_x 0 1 0
		rot_y -1 0 0
		. mtmm 3
	}
	WO Boreal_A0 {
		pos -72 32 0
		. mtmm 2
	}
	WO Boreal_B0 {
		pos -64 -32 0
		rot_x 0 -1 0
		rot_y 1 0 0
		. mtmm 8
	}
	WO Boreal_A0 {
		pos -88 -8 0
		rot_x 0 -1 0
		rot_y 1 0 0
	}
	WO Boreal_A0 {
		pos -88 8 0
		rot_x -1 0 0
		rot_y 0 -1 0
	}
	WO Boreal_B0 {
		pos 40 72 0
		rot_x 0 -1 0
		rot_y 1 0 0
		. mtmm 6
	}
	WO Boreal_C0 {
		pos -16 -40 -3
		. mtmm 13
	}
	WO Boreal_A0 {
		pos -24 -24 0
		. mtmm 4
	}
	WO Boreal_G0 {
		pos -48 -24 -3
		. mtmm 2
	}
	WO Boreal_A0 {
		pos -32 0 0
		. mtmm 1
	}
	WO Boreal_D0 {
		pos -16 8 -3
		rot_x 0 -1 0
		rot_y 1 0 0
		. mtmm 2
	}
	WO Boreal_B0 {
		pos -16 16 -3
		rot_x 0 1 0
		rot_y -1 0 0
		. mtmm 8
	}
	WO Boreal_D0 {
		pos 40 64 -3
		rot_x 0 1 0
		rot_y -1 0 0
		. mtmm 1
	}
	WO Boreal_C0 {
		pos 40 56 -3
		rot_x 0 -1 0
		rot_y 1 0 0
		. mtmm 12
	}
	WO Boreal_C2 {
		pos -24 32 -3
		rot_x -1 0 0
		rot_y 0 -1 0
		. mtmm 8
	}
	WO Boreal_B0 {
		pos 40 48 -3
		rot_x 0 -1 0
		rot_y 1 0 0
		. mtmm 3
	}
	WO Boreal_C0 {
		pos 40 40 -3
		. mtmm 4
	}
	WO Boreal_B0 {
		pos 40 24 0
		rot_x 0 1 0
		rot_y -1 0 0
		. mtmm 1
	}
	WO Boreal_B0 {
		pos 40 16 0
		rot_x -1 0 0
		rot_y 0 -1 0
	}
	WO Boreal_H1 {
		pos -24 16 -6
		rot_x 0 -1 0
		rot_y 1 0 0
		. mtmm 4
	}
	WO Boreal_B0 {
		pos 40 8 0
		rot_x 0 1 0
		rot_y -1 0 0
		. mtmm 8
	}
	WO Boreal_B0 {
		pos 40 0 0
		rot_x -1 0 0
		rot_y 0 -1 0
		. mtmm 14
	}
	WO Boreal_D1 {
		pos 24 -8 -3
	}
	WO Boreal_B0 {
		pos -16 40 0
		rot_x 0 -1 0
		rot_y 1 0 0
	}
	WO Boreal_D0 {
		pos 24 -16 -3
		rot_x 0 -1 0
		rot_y 1 0 0
		. mtmm 12
	}
	WO Boreal_A0 {
		pos 72 -24 0
		. mtmm 1
	}
	WO Boreal_H0 {
		pos 40 -8 -3
		. mtmm 3
	}
	WO Boreal_C0 {
		pos -16 48 0
		rot_x 0 -1 0
		rot_y 1 0 0
	}
	WO Boreal_H0 {
		pos 32 -8 -3
		rot_x 0 1 0
		rot_y -1 0 0
		. mtmm 2
	}
	WO Boreal_Ab {
		pos 72 -32 0
	}
	WO Boreal_Ab {
		pos 72 -40 0
	}
	WO Boreal_D1 {
		pos 32 -40 -3
		rot_x 0 1 0
		rot_y -1 0 0
		. mtmm 4
	}
	WO Boreal_D1 {
		pos 48 -48 -3
		rot_x 0 1 0
		rot_y -1 0 0
	}
	WO Boreal_A0 {
		pos 80 -8 0
		rot_x -1 0 0
		rot_y 0 -1 0
	}
	WO Boreal_H1 {
		pos 88 0 -3
		rot_x 0 1 0
		rot_y -1 0 0
	}
	WO Boreal_C0 {
		pos 80 8 0
		rot_x -1 0 0
		rot_y 0 -1 0
	}
	WO Boreal_C0 {
		pos 80 16 0
	}
	WO Boreal_C0 {
		pos 48 -56 -3
		rot_x 0 -1 0
		rot_y 1 0 0
	}
	WO Boreal_A0 {
		pos -96 8 0
		rot_x 0 1 0
		rot_y -1 0 0
		. mtmm 5
	}
	WO Boreal_C3 {
		pos -40 48 -3
		rot_x 0 1 0
		rot_y -1 0 0
		. mtmm 5
	}
	WO Boreal_C0 {
		pos -48 -40 -3
		rot_x -1 0 0
		rot_y 0 -1 0
		. mtmm 2
	}
	WO Boreal_A0 {
		pos -56 -8 0
		rot_x -1 0 0
		rot_y 0 -1 0
		. mtmm 15
	}
	WO Boreal_D0 {
		pos 32 72 0
		rot_x 0 1 0
		rot_y -1 0 0
		. mtmm 9
	}
	WO Boreal_B0 {
		pos 32 64 0
		rot_x 0 -1 0
		rot_y 1 0 0
		. mtmm 2
	}
	WO Boreal_C0 {
		pos 32 48 -3
		rot_x -1 0 0
		rot_y 0 -1 0
		. mtmm 3
	}
	WO Boreal_B0 {
		pos 32 40 -3
		rot_x 0 1 0
		rot_y -1 0 0
		. mtmm 8
	}
	WO Boreal_D0 {
		pos 32 32 -3
		rot_x 0 -1 0
		rot_y 1 0 0
		. mtmm 10
	}
	WO Boreal_D0 {
		pos 32 16 -3
	}
	WO Boreal_C0 {
		pos 32 8 -3
		rot_x 0 1 0
		rot_y -1 0 0
	}
	WO Boreal_C0 {
		pos -16 56 0
		rot_x 0 -1 0
		rot_y 1 0 0
	}
	WO Boreal_D0 {
		pos 32 0 -3
		rot_x 0 -1 0
		rot_y 1 0 0
		. mtmm 8
	}
	WO Boreal_B1 {
		pos 56 0 0
		rot_x 0 -1 0
		rot_y 1 0 0
	}
	WO Boreal_H1 {
		pos 32 -16 -3
		rot_x -1 0 0
		rot_y 0 -1 0
		. mtmm 4
	}
	WO Boreal_C0 {
		pos 40 -24 0
		. mtmm 2
	}
	WO Boreal_H1 {
		pos -40 -8 -3
		rot_x 0 1 0
		rot_y -1 0 0
		. mtmm 8
	}
	WO Boreal_A0 {
		pos -40 0 0
		rot_x 0 -1 0
		rot_y 1 0 0
		. mtmm 2
	}
	WO Boreal_H0 {
		pos -24 -8 -3
		. mtmm 4
	}
	WO Boreal_A0 {
		pos -56 16 0
		rot_x 0 -1 0
		rot_y 1 0 0
	}
	WO Boreal_A0 {
		pos -56 8 0
		rot_x -1 0 0
		rot_y 0 -1 0
	}
	WO Boreal_H1 {
		pos -56 -16 -3
		rot_x 0 1 0
		rot_y -1 0 0
		. mtmm 3
	}
	WO Boreal_E0 {
		pos -16 64 0
		rot_x -1 0 0
		rot_y 0 -1 0
		. mtmm 2
	}
	WO Boreal_A0 {
		pos -72 0 0
		. mtmm 8
	}
	WO Boreal_H0 {
		pos -24 -16 -3
		rot_x 0 -1 0
		rot_y 1 0 0
		. mtmm 1
	}
	WO Boreal_A0 {
		pos -64 0 0
		rot_x -1 0 0
		rot_y 0 -1 0
		. mtmm 12
	}
	WO Boreal_A0 {
		pos -48 8 0
	}
	WO Boreal_D0 {
		pos 24 64 0
		rot_x 0 1 0
		rot_y -1 0 0
	}
	WO Boreal_B0 {
		pos 24 56 0
		rot_x 0 -1 0
		rot_y 1 0 0
		. mtmm 12
	}
	WO Boreal_D0 {
		pos 24 48 -3
		rot_x 0 1 0
		rot_y -1 0 0
		. mtmm 7
	}
	WO Boreal_C0 {
		pos -16 72 0
		rot_x 0 1 0
		rot_y -1 0 0
		. mtmm 8
	}
	WO Boreal_B0 {
		pos 24 40 -3
		rot_x 0 -1 0
		rot_y 1 0 0
		. mtmm 1
	}
	WO Boreal_B0 {
		pos 24 32 -3
		rot_x 0 1 0
		rot_y -1 0 0
		. mtmm 4
	}
	WO Boreal_C0 {
		pos -16 80 0
		rot_x 0 1 0
		rot_y -1 0 0
		. mtmm 1
	}
	WO Boreal_C0 {
		pos 24 24 -3
		rot_x 0 1 0
		rot_y -1 0 0
		. mtmm 1
	}
	WO Boreal_B0 {
		pos 24 16 -3
		rot_x -1 0 0
		rot_y 0 -1 0
	}
	WO Boreal_C0 {
		pos -16 88 0
		rot_x 0 1 0
		rot_y -1 0 0
		. mtmm 4
	}
	WO Boreal_E0 {
		pos -16 96 0
		rot_x 0 -1 0
		rot_y 1 0 0
	}
	WO Boreal_C0 {
		pos 24 0 -3
	}
	WO Boreal_B0 {
		pos 24 -24 0
		rot_x 0 1 0
		rot_y -1 0 0
		. mtmm 7
	}
	WO Boreal_C0 {
		pos 24 -40 0
		rot_x 0 -1 0
		rot_y 1 0 0
		. mtmm 8
	}
	WO Boreal_B1 {
		pos 16 -32 0
		rot_x 0 1 0
		rot_y -1 0 0
		. mtmm 2
