// map: Denev

// level embedded console commands 
CONSOLE gameUI enable PressAText
CONSOLE gameUI disable LoadingText
CONSOLE sym set IsLoaded 1
CONSOLE_IMMEDIATE rook setCreepLimit 6
CONSOLE_IMMEDIATE rook setLevelExpReqMult 1.8
CONSOLE_IMMEDIATE sym set S_Wave 0
CONSOLE_IMMEDIATE gfx reloadMasterMaterial master_EnvironmentMapped.mtl Boreal
CONSOLE_IMMEDIATE sym set IronHandSurvivalEnemies 1
CONSOLE_IMMEDIATE sym set ShowPlayerScore 1
CONSOLE_EXIT_IMMEDIATE sym set ShowPlayerScore 0
CONSOLE_EXIT_IMMEDIATE sym set IronHandSurvivalEnemies 0

mapInfo {
	MAPNAME denev
	MAPAUTHOR CarbonGames
	MAPDESCRIPTION Denev Crater
	SKYBOX mat_SkyBlueSmallClouds
	TILESET Canyon
	EDGING ToGrass
	GAMEMODE custom
	GAMESTYLE Survival
	PREGAME 3
	PREGAME_RADIUS 55
}

mapBounds {
	LEVELCAMERA_ZROT -45
	AutoExtShadowCheckAtZHeight 5
	FORCEBOX -110 110 -116 100 4 0
	FORCEBOX2 -100 90 -155 155 4 -45
	MAPEXTMIN -170 -170 0
	MAPEXTMAX 170 170 0
	CAMERAEXTMIN -100 -104
	CAMERAEXTMAX 100 87
}

mapBalance {
}

editorSettings {
	TerrainSelectionActive Editor_Boreal
	TerrainArrayX 30
	TerrainArrayY 30
	TerrainPatternActive Editor_PatternSquare
}

planeZones {
  KILLPLANE -24
  TRANSFORMPLANE -18
}

fogValues {
	FOGCOLOR 165.75 89.25 25.5 255
	FOGARGS 13 18
	DFOGCOLOR 201.210938 211.171875 239.0625 255
	DFOGCOLOR2 201.210938 211.171875 239.0625 255
	DFOGARGS 90 150
	DFOGARGS2 90 150
	CANVASCOLOR 0 0 0 0
}

gamelocations {
	GL {
		name bombard1
		shape 0
		pos 37.623463 -94.779297 11.42999
		radius 3
	}
	GL {
		name bombard2
		shape 0
		pos 63.179184 -63.047913 1.04999
		radius 3
	}
	GL {
		name bombard3
		shape 0
		pos 74.839951 -53.430622 1.04999
		radius 3
	}
	GL {
		name bombard5
		shape 0
		pos 43.840111 -51.787746 -0.024361
		radius 1
	}
	GL {
		name bombard7
		shape 0
		pos 64.169815 -18.180347 -3.000008
		radius 1
	}
	GL {
		name bombard6
		shape 0
		pos 62.297218 -28.835213 -2.999969
		radius 1
	}
	GL {
		name bombard8
		shape 0
		pos 89.055626 -5.215454 7.290009
		radius 1
	}
	GL {
		name bombard12
		shape 0
		pos 55.316513 0.181962 -2.999992
		radius 1
	}
	GL {
		name bombard14
		shape 0
		pos 46.986656 31.774374 -2.999931
		radius 1
	}
	GL {
		name bombard13
		shape 0
		pos 61.877769 28.584623 -0.002274
		radius 1
	}
	GL {
		name Unknown
		shape 0
		pos 44.562325 55.393982 0
		radius 1
	}
	GL {
		name bombard15
		shape 0
		pos 7.860685 65.887497 -0.000015
		radius 1
	}
	GL {
		name bombard16
		shape 0
		pos -2.8192 71.940826 0.000015
		radius 1
	}
	GL {
		name bombard23
		shape 0
		pos -36.551357 61.164352 -3
		radius 1
	}
	GL {
		name bombard24
		shape 0
		pos -30.047398 76.999001 -0.000008
		radius 1
	}
	GL {
		name bombard25
		shape 0
		pos -74.877258 91.118622 10.320006
		radius 1
	}
	GL {
		name bombard26
		shape 0
		pos -83.645401 40.036774 -0.066299
		radius 1
	}
	GL {
		name bombard21
		shape 0
		pos -84.921661 0.585844 5.217756
		radius 1
	}
	GL {
		name bombard22
		shape 0
		pos -52.322666 12.16353 -6.000061
		radius 1
	}
	GL {
		name bombard19
		shape 0
		pos -97.790199 -27.917383 7.440053
		radius 1
	}
	GL {
		name bombard20
		shape 0
		pos -74.626259 -15.972019 -0.000015
		radius 1
	}
	GL {
		name bombard18
		shape 0
		pos -43.591267 -51.58799 0
		radius 1
	}
	GL {
		name bombard17
		shape 0
		pos -26.574808 -51.982613 -3.003258
		radius 1
	}
	GL {
		name bombard10
		shape 0
		pos -5.899199 -61.609215 -3.000008
		radius 1
	}
	GL {
		name bombard9
		shape 0
		pos -3.451254 -84.262413 0.009285
		radius 1
	}
	GL {
		name bombard4
		shape 0
		pos 21.093647 -68.917198 -2.999992
		radius 1
	}
	GL {
		name bombard11
		shape 0
		pos 9.153008 -60.168976 -5.99939
		radius 1
	}
	GL {
		name bombard29
		shape 0
		pos -32.145065 3.519363 -2.999992
		radius 1
	}
	GL {
		name bombard27
		shape 0
		pos 2.803875 -5.055305 -2.999992
		radius 1
	}
	GL {
		name bombard28
		shape 0
		pos -5.402113 -13.03199 -2.999992
		radius 1
	}
	GL {
		name bombard30
		shape 0
		pos -5.875359 12.638401 -2.999992
		radius 1
	}
	GL {
		name bombard36
		shape 0
		pos -9.594463 50.13147 3.750014
		radius 3
	}
	GL {
		name bombard39
		shape 0
		pos -94.168678 1.685963 3.750014
		radius 3
	}
	GL {
		name bombard38
		shape 0
		pos -85.968102 68.444275 3.750014
		radius 3
	}
	GL {
		name bombard37
		shape 0
		pos -64.625023 77.394402 3.750014
		radius 3
	}
	GL {
		name bombard33
		shape 0
		pos 88.694885 16.499706 12.720016
		radius 3
	}
	GL {
		name bombard32
		shape 0
		pos 83.098503 -71.851044 3.750014
		radius 3
	}
	GL {
		name bombard31
		shape 0
		pos 69.840439 -91.410606 3.750014
		radius 3
	}
	GL {
		name bombard34
		shape 0
		pos -83.68383 -43.568703 3.750014
		radius 3
	}
	GL {
		name bombard35
		shape 0
		pos -46.709209 -28.338524 3.750014
		radius 3
	}
}
combos {
combo radioshack {
	pos -88.386162 5.574425 3.589325
	WO ValleyProps_TrainLight {
		pos -87.624725 6.107653 3.099994
		rot_x 0.99925 -0.038728 0
		rot_y 0.038728 0.99925 0
		id 1
	}
	WO IronHand_LandingLight {
		pos -87.600456 6.14292 7.025256
		rot_x 0.99925 -0.038728 0
		rot_y 0.038728 0.99925 0
		id 2
	}
	WO SimpleProps_FortressFenceShort {
		pos -87.21656 4.865312 2.999995
		rot_x 0.99925 -0.038728 0
		rot_y 0.038728 0.99925 0
		id 3
	}
	WO SimpleProps_Shed {
		pos -88.744644 4.598778 3.000004
		rot_x -0.014804 -0.993929 0.109024
		rot_y 0.999889 -0.014892 0
		rot_z 0.001624 0.109012 0.994039
		scl 0.71
		id 4
	}
	WO BarrelSmokey {
		pos -88.196022 5.873405 2.999999
		rot_x 0.99925 -0.038728 0
		rot_y 0.038728 0.99925 0
		id 5
	}
	WO SimpleProps_Antenna {
		pos -89.031662 6.295311 2.999996
		rot_x 0.99925 -0.038728 0
		rot_y 0.038728 0.99925 0
		id 6
	}
	WO SimpleProps_FortressFenceShort {
		pos -90.288528 5.137748 2.999995
		rot_x -0.999811 -0.019439 0
		rot_y 0.019439 -0.999811 0
		id 7
	}
}
combo denevboulders {
	pos -117.920815 35.964867 -13.326475
	WO SpiralProps_Rocks6 {
		pos -105.30249 39.01926 -14.48001
		rot_x -0.162952 0.966039 -0.200538
		rot_y -0.983778 -0.174543 -0.041424
		rot_z -0.07502 0.190535 0.97881
		scl 1.600002
		id 9
	}
	WO SpiralProps_Rocks15 {
		pos -112.284897 44.075619 -16.887634
		rot_x 0.10831 0.983699 0.143549
		rot_y -0.993323 0.112858 -0.023915
		rot_z -0.039726 -0.14 0.989354
		scl 1.26
		id 10
	}
	WO SpiralProps_Rocks12 {
		pos -121.473923 38.515244 -3.000013
		rot_x -0.76665 0.437873 -0.46959
		rot_y -0.519647 -0.852719 0.053249
		rot_z -0.377113 0.284845 0.881277
		scl 1.029997 1.029997 2.129996
		id 11
	}
	WO SpiralProps_Rocks15 {
		pos -115.797348 30.313066 -16.197639
		rot_x 0.739803 -0.622356 0.255665
		rot_y 0.599695 0.782218 0.16882
		rot_z -0.305051 0.028429 0.951911
		scl 1.26
		id 12
	}
	WO SpiralProps_Rocks6 {
		pos -122.453445 32.760082 -14.240012
		rot_x 0.712499 -0.696645 0.083845
		rot_y 0.697823 0.716013 0.019185
		rot_z -0.073399 0.044839 0.996294
		scl 1.750002
		id 13
	}
	WO SpiralProps_Rocks6 {
		pos -123.961037 36.505627 -14.240012
		rot_x -0.730261 0.683168 0
		rot_y -0.683168 -0.730261 0
		scl 1.600002
		id 14
	}
	WO SpiralProps_Rocks6 {
		pos -124.172829 30.565285 -14.240012
		rot_x 0.712499 -0.696645 0.083845
		rot_y 0.697823 0.716013 0.019185
		rot_z -0.073399 0.044839 0.996294
		scl 1.340003
		id 15
	}
}
combo denevboulders {
	pos -125.051376 59.536446 -11.886477
	WO SpiralProps_Rocks6 {
		pos -112.433578 62.591068 -13.040028
		rot_x -0.162952 0.966039 -0.200538
		rot_y -0.983778 -0.174543 -0.041424
		rot_z -0.07502 0.190535 0.97881
		scl 1.600002
		id 17
	}
	WO SpiralProps_Rocks15 {
		pos -119.415985 67.647293 -15.447652
		rot_x 0.10831 0.983699 0.143549
		rot_y -0.993323 0.112858 -0.023915
		rot_z -0.039726 -0.14 0.989354
		scl 1.26
		id 18
	}
	WO SpiralProps_Rocks12 {
		pos -128.604706 62.087055 -1.560031
		rot_x -0.76665 0.437873 -0.46959
		rot_y -0.519647 -0.852719 0.053249
		rot_z -0.377113 0.284845 0.881277
		scl 1.029997 1.029997 2.129996
		id 19
	}
	WO SpiralProps_Rocks15 {
		pos -122.928436 53.884884 -14.757656
		rot_x 0.739803 -0.622356 0.255665
		rot_y 0.599695 0.782218 0.16882
		rot_z -0.305051 0.028429 0.951911
		scl 1.26
		id 20
	}
	WO SpiralProps_Rocks6 {
		pos -129.584229 56.331898 -12.80003
		rot_x 0.712499 -0.696645 0.083845
		rot_y 0.697823 0.716013 0.019185
		rot_z -0.073399 0.044839 0.996294
		scl 1.750002
		id 21
	}
	WO SpiralProps_Rocks6 {
		pos -131.091827 60.077442 -12.80003
		rot_x -0.730261 0.683168 0
		rot_y -0.683168 -0.730261 0
		scl 1.600002
		id 22
	}
	WO SpiralProps_Rocks6 {
		pos -131.303619 54.1371 -12.80003
		rot_x 0.712499 -0.696645 0.083845
		rot_y 0.697823 0.716013 0.019185
		rot_z -0.073399 0.044839 0.996294
		scl 1.340003
		id 23
	}
}
combo refineryexhaust {
	pos 92.651489 -93.314644 3.000021
	WO FortressPiece_Pipe5 {
		pos 91.514969 -93.940247 5.709085
		rot_x 0.075615 -0.01649 0.997001
		rot_y 0.963717 0.257903 -0.068825
		rot_z -0.255995 0.966031 0.035394
		id 1037
	}
	WO FortressPiece_Pipe1 {
		pos 93.490814 -94.623795 2.496654
		rot_x 0.792831 -0.609444 0
		rot_y 0.609444 0.792831 -0.000564
		rot_z 0.000344 0.000447 1
		id 26
	}
	WO BarrelSmokey {
		pos 93.674156 -93.340286 2.399084
		rot_x 0.792831 -0.609444 0
		rot_y 0.609444 0.792831 0
		id 27
	}
	WO SimpleProps_FortressFenceCorner {
		pos 93.074699 -95.307365 2.497103
		rot_x 0.792831 -0.609444 0
		rot_y 0.609444 0.792831 -0.000564
		rot_z 0.000344 0.000447 1
		id 28
	}
	WO SimpleProps_FortressFenceCorner {
		pos 91.726318 -90.928452 2.499094
		rot_x -0.754158 0.656695 0
		rot_y -0.656695 -0.754158 0
		id 29
	}
	WO SandrimProps_Crane3 {
		pos 92.427483 -91.748627 2.399084
		rot_x 0.792831 -0.609444 0
		rot_y 0.609444 0.792831 0
		scl 0.8
		id 30
	}
}
combo refineryexhaust {
	pos 114.454468 0.796073 3
	WO FortressPiece_Pipe5 {
		pos 113.934647 -0.392484 5.709067
		rot_x 0.07 0.033009 0.997001
		rot_y 0.606886 0.791803 -0.068825
		rot_z -0.7917 0.609884 0.035394
		id 32
	}
	WO FortressPiece_Pipe1 {
		pos 115.91774 0.269686 2.496637
		rot_y 0 1 -0.000564
		rot_z 0 0.000564 1
		id 33
	}
	WO BarrelSmokey {
		pos 115.280899 1.399081 2.399067
		id 34
	}
	WO SimpleProps_FortressFenceCorner {
		pos 116.00441 -0.525846 2.497086
		rot_y 0 1 -0.000564
		rot_z 0 0.000564 1
		id 35
	}
	WO SimpleProps_FortressFenceCorner {
		pos 112.266693 2.124119 2.499077
		rot_x -0.998136 0.061031 0
		rot_y -0.061031 -0.998136 0
		id 36
	}
	WO SandrimProps_Crane3 {
		pos 113.322433 1.901217 2.399067
		scl 0.8
		id 37
	}
}
combo refineryexhaust {
	pos -104.900253 -16.176594 3
	WO FortressPiece_Pipe5 {
		pos -103.675774 -16.604683 5.709065
		rot_x -0.038228 0.067292 0.997001
		rot_y -0.83559 0.545025 -0.068825
		rot_z -0.548023 -0.835715 0.035394
		id 39
	}
	WO FortressPiece_Pipe1 {
		pos -104.486565 -14.677563 2.496636
		rot_x -0.075915 0.997114 0
		rot_y -0.997114 -0.075915 -0.000564
		rot_z -0.000562 -0.000043 1
		id 40
	}
	WO BarrelSmokey {
		pos -105.564362 -15.398317 2.399066
		rot_x -0.075915 0.997114 0
		rot_y -0.997114 -0.075915 0
		id 41
	}
	WO SimpleProps_FortressFenceCorner {
		pos -103.699898 -14.530743 2.497085
		rot_x -0.075915 0.997114 0
		rot_y -0.997114 -0.075915 -0.000564
		rot_z -0.000562 -0.000043 1
		id 42
	}
	WO SimpleProps_FortressFenceCorner {
		pos -106.058487 -18.45887 2.499076
		rot_x 0.014918 -0.999889 0
		rot_y 0.999889 0.014918 0
		id 43
	}
	WO SandrimProps_Crane3 {
		pos -105.916367 -17.389259 2.399066
		rot_x -0.075915 0.997114 0
		rot_y -0.997114 -0.075915 0
		scl 0.8
		id 44
	}
}
combo refineryexhaust {
	pos -96.130791 100.295898 3.164952
	WO FortressPiece_Pipe5 {
		pos -95.883904 99.022415 5.874018
		rot_x 0.03888 0.066917 0.997001
		rot_y 0.050002 0.996375 -0.068825
		rot_z -0.997993 0.052528 0.035394
		id 46
	}
	WO FortressPiece_Pipe1 {
		pos -94.627434 100.693443 2.661588
		rot_x 0.823178 0.567784 0
		rot_y -0.567784 0.823178 -0.000564
		rot_z -0.00032 0.000464 1
		id 47
	}
	WO BarrelSmokey {
		pos -95.792923 101.261566 2.564018
		rot_x 0.823178 0.567784 0
		rot_y -0.567784 0.823178 0
		id 48
	}
	WO SimpleProps_FortressFenceCorner {
		pos -94.10437 100.087791 2.662037
		rot_x 0.823178 0.567784 0
		rot_y -0.567784 0.823178 -0.000564
		rot_z -0.00032 0.000464 1
		id 49
	}
	WO SimpleProps_FortressFenceCorner {
		pos -98.685806 100.146942 2.664028
		rot_x -0.856296 -0.516487 0
		rot_y 0.516487 -0.856296 0
		id 50
	}
	WO SandrimProps_Crane3 {
		pos -97.690216 100.56292 2.564018
		rot_x 0.823178 0.567784 0
		rot_y -0.567784 0.823178 0
		scl 0.8
		id 51
	}
}
combo radioshack {
	pos -5.016157 -87.539909 0
}
combo refinerysmall {
	pos -24.209547 103.337074 -12.000005
	WO SimpleProps_FortressFenceShort {
		pos -25.624517 103.380493 -12.013364
		rot_x -0.999995 -0.003312 0
		rot_y 0.003312 -0.999995 0
		id 53
	}
	WO SimpleProps_Barrel {
		pos -27.101469 106.93631 -12.013251
		id 1155
	}
	WO SimpleProps_Barrel {
		pos -27.0569 108.104813 -12.013251
		id 55
	}
	WO SimpleProps_Barrel {
		pos -26.988558 109.304169 -12.013251
		id 56
	}
	WO SimpleProps_Tower1 {
		pos -24.003349 103.492111 -12.013379
		rot_x -0.00009 -1 0
		rot_y 1 -0.00009 0
		id 57
	}
	WO SimpleProps_FortressFence {
		pos -21.788399 103.2677 -11.91329
		rot_y 0 1 0.000021
		rot_z 0 -0.000021 1
		id 58
	}
	WO BarrelSmokey {
		pos -20.972563 105.293854 -12.013379
		id 59
	}
	WO FortressPiece_Pipe5 {
		pos -19.012651 107.005386 -12.153379
		scl 0.77
		id 60
	}
	WO Crate3 {
		pos -20.464458 99.981415 -12.013379
		rot_x 0.509168 0.860667 0
		rot_y -0.860667 0.509168 0
		id 61
	}
	WO SimpleProps_Station {
		pos -24.099009 97.205307 -11.913379
		rot_x -0.011843 -0.99993 0
		rot_y 0.99993 -0.011843 0
		id 62
	}
	WO BarrelSmokey {
		pos -26.737627 98.998169 -12.013379
		id 63
	}
	WO FortressPiece_Pipe1 {
		pos -26.665049 97.075027 -11.913379
		rot_x -0.833136 -0.553067 0
		rot_y 0.553067 -0.833136 0
		id 64
	}
}
combo refinerysmall {
	pos -11.257523 107.530579 2.839524
	WO SimpleProps_FortressFenceShort {
		pos -12.672493 107.573975 2.826164
		rot_x -0.999995 -0.003312 0
		rot_y 0.003312 -0.999995 0
		id 66
	}
	WO SimpleProps_Barrel {
		pos -14.149445 111.129791 2.826277
		id 67
	}
	WO SimpleProps_Barrel {
		pos -14.104877 112.298294 2.826277
		id 68
	}
	WO SimpleProps_Barrel {
		pos -14.036533 113.49765 2.826277
		id 69
	}
	WO SimpleProps_Tower1 {
		pos -11.051325 107.685593 2.82615
		rot_x -0.00009 -1 0
		rot_y 1 -0.00009 0
		id 70
	}
	WO SimpleProps_FortressFence {
		pos -8.836374 107.461182 2.926239
		rot_y 0 1 0.000021
		rot_z 0 -0.000021 1
		id 71
	}
	WO BarrelSmokey {
		pos -8.020538 109.487335 2.82615
		id 72
	}
	WO FortressPiece_Pipe5 {
		pos -6.060627 111.198868 2.686149
		scl 0.77
		id 73
	}
	WO Crate3 {
		pos -7.512434 104.174896 2.82615
		rot_x 0.509168 0.860667 0
		rot_y -0.860667 0.509168 0
		id 74
	}
	WO SimpleProps_Station {
		pos -11.146984 101.398788 2.92615
		rot_x -0.011843 -0.99993 0
		rot_y 0.99993 -0.011843 0
		id 75
	}
	WO BarrelSmokey {
		pos -13.785603 103.19165 2.82615
		id 76
	}
	WO FortressPiece_Pipe1 {
		pos -13.713024 101.268509 2.92615
		rot_x -0.833136 -0.553067 0
		rot_y 0.553067 -0.833136 0
		id 77
	}
}
combo refinerysmall {
	pos 56.70261 110.509613 -11.999998
}
combo ironhandbarrier1 {
	pos 70.442284 64.504128 5.790003
	WO FortressPiece_Bars {
		pos 71.067696 63.222389 2.151388
		rot_x 0.732186 -0.681106 0
		rot_y 0.681106 0.732186 0
		id 79
	}
	WO FortressPiece_Bars {
		pos 69.013344 65.120407 2.151388
		rot_x -0.732186 0.681106 0
		rot_y -0.681106 -0.732186 0
		id 80
	}
	WO IronHand_ArmorPlate {
		pos 68.110413 66.368462 6.361416
		rot_x 0.73917 -0.673453 -0.009431
		rot_y 0.578646 0.642152 -0.502803
		rot_z 0.344671 0.366199 0.86435
		scl 0.51
		id 81
	}
	WO TutorialProps_Vent {
		pos 69.419586 65.51429 6.633602
		rot_x 0 0 -1
		rot_y 0.732186 -0.681106 0
		rot_z -0.681106 -0.732186 0
		id 82
	}
	WO TutorialProps_Vent {
		pos 69.89106 65.959984 8.013602
		rot_x 0 0 -1
		rot_y 0.732186 -0.681106 0
		rot_z -0.681106 -0.732186 0
		id 83
	}
	WO TutorialProps_Vent {
		pos 72.049675 63.958351 8.013602
		rot_x 0 0 -1
		rot_y 0.732186 -0.681106 0
		rot_z -0.681106 -0.732186 0
		id 84
	}
	WO TutorialProps_Vent {
		pos 71.578239 63.512672 6.633602
		rot_x 0 0 -1
		rot_y 0.732186 -0.681106 0
		rot_z -0.681106 -0.732186 0
		id 85
	}
	WO IronHand_ArmorPlate {
		pos 72.404274 62.3731 6.361416
		rot_x 0.73917 -0.673453 -0.009431
		rot_y 0.578646 0.642152 -0.502803
		rot_z 0.344671 0.366199 0.86435
		scl 0.51
		id 86
	}
}
combo ironhandbarrier1 {
	pos 52.735409 82.25634 5.819997
	WO FortressPiece_Bars {
		pos 53.288372 80.941742 2.181354
		rot_x 0.692836 -0.721096 0
		rot_y 0.721096 0.692836 0
		id 88
	}
	WO FortressPiece_Bars {
		pos 51.343655 82.951996 2.181354
		rot_x -0.692836 0.721096 0
		rot_y -0.721096 -0.692836 0
		id 89
	}
	WO IronHand_ArmorPlate {
		pos 50.512211 84.248756 6.391382
		rot_x 0.700239 -0.713848 -0.009431
		rot_y 0.613748 0.60869 -0.502803
		rot_z 0.364666 0.346293 0.86435
		scl 0.51
		id 90
	}
	WO TutorialProps_Vent {
		pos 51.771374 83.322441 6.663567
		rot_x 0 0 -1
		rot_y 0.692836 -0.721096 0
		rot_z -0.721096 -0.692836 0
		id 91
	}
	WO TutorialProps_Vent {
		pos 52.26709 83.741028 8.043594
		rot_x 0 0 -1
		rot_y 0.692836 -0.721096 0
		rot_z -0.721096 -0.692836 0
		id 92
	}
	WO TutorialProps_Vent {
		pos 54.310089 81.62149 8.043594
		rot_x 0 0 -1
		rot_y 0.692836 -0.721096 0
		rot_z -0.721096 -0.692836 0
		id 93
	}
	WO TutorialProps_Vent {
		pos 53.814404 81.202957 6.663567
		rot_x 0 0 -1
		rot_y 0.692836 -0.721096 0
		rot_z -0.721096 -0.692836 0
		id 94
	}
	WO IronHand_ArmorPlate {
		pos 54.57518 80.018799 6.391382
		rot_x 0.700239 -0.713848 -0.009431
		rot_y 0.613748 0.60869 -0.502803
		rot_z 0.364666 0.346293 0.86435
		scl 0.51
		id 95
	}
}
combo refinerylarge {
	pos 34.422974 86.325256 3.000017
}
combo refinerylarge {
	pos 33.002193 86.236053 9.3478
}
combo ironhandbarrier1 {
	pos 71.10981 71.536972 5.790003
	WO FortressPiece_Bars {
		pos 69.788116 71.000122 2.151345
		rot_x -0.729459 -0.684026 0
		rot_y 0.684026 -0.729459 0
		id 97
	}
	WO FortressPiece_Bars {
		pos 71.821846 72.920219 2.151345
		rot_x 0.729459 0.684026 0
		rot_y -0.684026 0.729459 0
		id 98
	}
	WO IronHand_ArmorPlate {
		pos 73.128571 73.735954 6.361373
		rot_x -0.7223 -0.691515 -0.009431
		rot_y 0.60119 -0.621097 -0.502803
		rot_z 0.341838 -0.368845 0.86435
		scl 0.51
		id 99
	}
	WO TutorialProps_Vent {
		pos 72.18705 72.488068 6.633559
		rot_x 0 0 -1
		rot_y -0.729459 -0.684026 0
		rot_z -0.684026 0.729459 0
		id 100
	}
	WO TutorialProps_Vent {
		pos 72.599617 71.987305 8.013603
		rot_x 0 0 -1
		rot_y -0.729459 -0.684026 0
		rot_z -0.684026 0.729459 0
		id 101
	}
	WO TutorialProps_Vent {
		pos 70.455399 69.970245 8.013603
		rot_x 0 0 -1
		rot_y -0.729459 -0.684026 0
		rot_z -0.684026 0.729459 0
		id 102
	}
	WO TutorialProps_Vent {
		pos 70.042908 70.470947 6.633559
		rot_x 0 0 -1
		rot_y -0.729459 -0.684026 0
		rot_z -0.684026 0.729459 0
		id 103
	}
	WO IronHand_ArmorPlate {
		pos 68.849648 69.724586 6.361373
		rot_x -0.7223 -0.691515 -0.009431
		rot_y 0.60119 -0.621097 -0.502803
		rot_z 0.341838 -0.368845 0.86435
		scl 0.51
		id 104
	}
}
combo ironhandbarrier1 {
	pos 59.968784 82.082115 5.790003
	WO FortressPiece_Bars {
		pos 61.285446 82.631432 2.151339
		rot_x 0.722949 0.690901 0
		rot_y -0.690901 0.722949 0
		id 106
	}
	WO FortressPiece_Bars {
		pos 59.269966 80.692116 2.151339
		rot_x -0.722949 -0.690901 0
		rot_y 0.690901 -0.722949 0
		id 107
	}
	WO IronHand_ArmorPlate {
		pos 57.97102 79.864052 6.361367
		rot_x 0.71572 0.698322 -0.009431
		rot_y -0.607043 0.615377 -0.502803
		rot_z -0.345314 0.365592 0.86435
		scl 0.51
		id 108
	}
	WO TutorialProps_Vent {
		pos 58.900696 81.120804 6.633553
		rot_x 0 0 -1
		rot_y 0.722949 0.690901 0
		rot_z 0.690901 -0.722949 0
		id 109
	}
	WO TutorialProps_Vent {
		pos 58.483418 81.617653 8.013603
		rot_x 0 0 -1
		rot_y 0.722949 0.690901 0
		rot_z 0.690901 -0.722949 0
		id 110
	}
	WO TutorialProps_Vent {
		pos 60.608429 83.6549 8.013603
		rot_x 0 0 -1
		rot_y 0.722949 0.690901 0
		rot_z 0.690901 -0.722949 0
		id 111
	}
	WO TutorialProps_Vent {
		pos 61.025642 83.158134 6.633553
		rot_x 0 0 -1
		rot_y 0.722949 0.690901 0
		rot_z 0.690901 -0.722949 0
		id 112
	}
	WO IronHand_ArmorPlate {
		pos 62.211765 83.915718 6.361367
		rot_x 0.71572 0.698322 -0.009431
		rot_y -0.607043 0.615377 -0.502803
		rot_z -0.345314 0.365592 0.86435
		scl 0.51
		id 113
	}
}
combo ironhandbanner1 {
	pos 65.056778 66.333923 3
	WO TutorialProps_Canister6 {
		pos 65.241341 66.166824 2.360004
		rot_x 0.731529 -0.681811 0
		rot_y 0.681811 0.731529 0
		scl 0.86 0.86 0.58
		id 115
	}
	WO IronHand_Banner {
		pos 64.678505 66.668839 5.059998
		rot_x 0.731529 -0.681811 0
		rot_y 0.681811 0.731529 0
		scl 0.21 0.21 0.33
		id 116
	}
	WO SaltLight {
		pos 65.24955 66.165054 1.580004
		rot_x 0.667274 0.744812 0
		rot_y -0.744812 0.667274 0
		id 117
	}
}
combo ironhandbanner1 {
	pos 54.366837 77.208305 3
	WO TutorialProps_Canister6 {
		pos 54.187191 77.380646 2.359998
		rot_x -0.711396 0.702794 0
		rot_y -0.702794 -0.711396 0
		scl 0.86 0.86 0.58
		id 119
	}
	WO IronHand_Banner {
		pos 54.735195 76.862518 5.059998
		rot_x -0.711396 0.702794 0
		rot_y -0.702794 -0.711396 0
		scl 0.21 0.21 0.33
		id 120
	}
	WO SaltLight {
		pos 54.179031 77.382675 1.579998
		rot_x -0.688651 -0.725095 0
		rot_y 0.725095 -0.688651 0
		id 121
	}
}
combo refineryexhaust {
	pos -24.990463 17.201654 -7.8
	WO FortressPiece_Pipe5 {
		pos -25.510284 16.013147 -5.090933
		rot_x 0.07 0.033009 0.997001
		rot_y 0.606886 0.791803 -0.068825
		rot_z -0.7917 0.609884 0.035394
		id 123
	}
	WO FortressPiece_Pipe1 {
		pos -23.527191 16.675316 -8.303364
		rot_y 0 1 -0.000564
		rot_z 0 0.000564 1
		id 124
	}
	WO BarrelSmokey {
		pos -24.164032 17.804712 -8.400934
		id 125
	}
	WO SimpleProps_FortressFenceCorner {
		pos -23.440521 15.879786 -8.302916
		rot_y 0 1 -0.000564
		rot_z 0 0.000564 1
		id 126
	}
	WO SimpleProps_FortressFenceCorner {
		pos -27.178238 18.529749 -8.300924
		rot_x -0.998136 0.061031 0
		rot_y -0.061031 -0.998136 0
		id 127
	}
	WO SandrimProps_Crane3 {
		pos -26.122505 18.306849 -8.400934
		scl 0.8
		id 128
	}
}
combo refineryexhaust {
	pos 4.577504 -20.497587 -6
	WO FortressPiece_Pipe5 {
		pos 4.854941 -21.764814 -3.290931
		rot_x 0.037263 0.067831 0.997001
		rot_y 0.026072 0.997288 -0.068825
		rot_z -0.998966 0.028558 0.035394
		id 1063
	}
	WO FortressPiece_Pipe1 {
		pos 6.07094 -20.064077 -6.503361
		rot_x 0.809312 0.58738 0
		rot_y -0.58738 0.809312 -0.000564
		rot_z -0.000331 0.000456 1
		id 1067
	}
	WO BarrelSmokey {
		pos 4.892149 -19.524115 -6.600931
		rot_x 0.809312 0.58738 0
		rot_y -0.58738 0.809312 0
		id 1065
	}
	WO SimpleProps_FortressFenceCorner {
		pos 6.608366 -20.657003 -6.502912
		rot_x 0.809312 0.58738 0
		rot_y -0.58738 0.809312 -0.000564
		rot_z -0.000331 0.000456 1
		id 1051
	}
	WO SimpleProps_FortressFenceCorner {
		pos 2.026851 -20.707809 -6.500921
		rot_x -0.843652 -0.536892 0
		rot_y 0.536892 -0.843652 0
		id 134
	}
	WO SandrimProps_Crane3 {
		pos 3.012194 -20.268087 -6.600931
		rot_x 0.809312 0.58738 0
		rot_y -0.58738 0.809312 0
		scl 0.8
		id 1039
	}
}
combo refineryexhaust {
	pos -43.620262 -10.386551 -6.000124
	WO FortressPiece_Pipe5 {
		pos -44.140083 -11.575104 -3.291057
		rot_x 0.07 0.033009 0.997001
		rot_y 0.606886 0.791803 -0.068825
		rot_z -0.7917 0.609884 0.035394
		id 137
	}
	WO FortressPiece_Pipe1 {
		pos -42.15699 -10.912933 -6.503487
		rot_y 0 1 -0.000564
		rot_z 0 0.000564 1
		id 1047
	}
	WO BarrelSmokey {
		pos -42.793831 -9.783539 -6.601057
		id 1053
	}
	WO SimpleProps_FortressFenceCorner {
		pos -42.07032 -11.708466 -6.503037
		rot_y 0 1 -0.000564
		rot_z 0 0.000564 1
		id 1045
	}
	WO SimpleProps_FortressFenceCorner {
		pos -45.808037 -9.058502 -6.501047
		rot_x -0.998136 0.061031 0
		rot_y -0.061031 -0.998136 0
		id 1049
	}
	WO SandrimProps_Crane3 {
		pos -44.752304 -9.281403 -6.601057
		scl 0.8
		id 142
	}
}
combo refineryexhaust {
	pos -26.900574 -34.514961 -5.991044
	WO FortressPiece_Pipe5 {
		pos -27.420395 -35.703491 -3.281977
		rot_x 0.07 0.033009 0.997001
		rot_y 0.606886 0.791803 -0.068825
		rot_z -0.7917 0.609884 0.035394
		id 144
	}
	WO FortressPiece_Pipe1 {
		pos -25.437302 -35.041321 -6.494407
		rot_y 0 1 -0.000564
		rot_z 0 0.000564 1
		id 145
	}
	WO BarrelSmokey {
		pos -26.074142 -33.911926 -6.591977
		id 146
	}
	WO SimpleProps_FortressFenceCorner {
		pos -25.350632 -35.836853 -6.493958
		rot_y 0 1 -0.000564
		rot_z 0 0.000564 1
		id 147
	}
	WO SimpleProps_FortressFenceCorner {
		pos -29.088348 -33.18689 -6.491967
		rot_x -0.998136 0.061031 0
		rot_y -0.061031 -0.998136 0
		id 148
	}
	WO SandrimProps_Crane3 {
		pos -28.032616 -33.40979 -6.591977
		scl 0.8
		id 1041
	}
}
combo IronGarrison {
	pos -113.868248 6.470418 4.8
	WO SaltTank {
		pos -116.570877 10.477049 3.041886
		rot_x -0.040714 -0.999172 0
		rot_y 0.999172 -0.040714 0
		id 1061
	}
	WO FortressPiece_Side {
		pos -115.12368 6.937058 3.041899
		rot_x 0.999601 -0.028256 0
		rot_y 0.028256 0.999601 0
		scl 1.28
		id 152
	}
	WO FortressPiece_Building1 {
		pos -113.178406 7.379375 3.041886
		rot_x -0.040714 -0.999172 0
		rot_y 0.999172 -0.040714 0
		id 1059
	}
	WO IronHand_ArmorPlate {
		pos -114.700333 4.671466 8.031908
		rot_x -0.040714 -0.999172 0
		rot_y 0.999172 -0.040714 0
		scl 0.49
		id 1057
	}
	WO FortressPiece_TrainStation {
		pos -113.780449 4.582326 7.490953
		rot_x -0.040714 -0.999172 0
		rot_y 0.999172 -0.040714 0
		id 155
	}
	WO FortressPiece_Pipe1 {
		pos -115.334236 1.57497 3.141896
		rot_x -0.040714 -0.999172 0
		rot_y 0.999172 -0.040714 0
		id 1055
	}
	WO FortressPiece_Pipe1 {
		pos -114.793396 13.300861 3.141896
		rot_x 0.121471 0.992596 0
		rot_y -0.992596 0.121471 0
		id 157
	}
	WO FortressPiece_Corner {
		pos -110.597107 10.4436 3.183325
		rot_x -0.040714 -0.999172 0
		rot_y 0.999172 -0.040714 0
		id 158
	}
	WO FortressPiece_Corner {
		pos -111.103462 2.737646 3.183325
		rot_x -0.999097 0.042513 0
		rot_y -0.042513 -0.999097 0
		id 159
	}
	WO IronHand_LandingLight {
		pos -113.487038 4.401888 9.600008
		rot_x -0.040714 -0.999172 0
		rot_y 0.999172 -0.040714 0
		id 160
	}
	WO FortressPiece_TrainStation {
		pos -113.880333 4.66809 5.900933
		rot_x -0.040714 -0.999172 0
		rot_y 0.999172 -0.040714 0
		id 161
	}
}
combo IronGarrison {
	pos -103.65863 88.492722 4.62
}
combo IronGarrison {
	pos 12.458889 100.982063 4.560003
	WO SaltTank {
		pos 8.56558 98.118423 2.801897
		id 163
	}
	WO FortressPiece_Side {
		pos 12.043744 99.708549 2.80191
		rot_x -0.012466 0.999922 0
		rot_y -0.999922 -0.012466 0
		scl 1.28
		id 164
	}
	WO FortressPiece_Building1 {
		pos 11.522573 101.634163 2.801897
		id 165
	}
	WO IronHand_ArmorPlate {
		pos 14.290228 100.223808 7.791914
		scl 0.49
		id 166
	}
	WO FortressPiece_TrainStation {
		pos 14.341848 101.146515 7.250961
		id 167
	}
	WO FortressPiece_Pipe1 {
		pos 17.409964 99.716484 2.901906
		id 168
	}
	WO FortressPiece_Pipe1 {
		pos 5.671759 99.779472 2.901906
		rot_x -0.996718 0.080957 0
		rot_y -0.080957 -0.996718 0
		id 169
	}
	WO FortressPiece_Corner {
		pos 8.35578 104.088577 2.943336
		id 170
	}
	WO FortressPiece_Corner {
		pos 16.075987 103.896416 2.943336
		rot_x -0.0018 -0.999998 0
		rot_y 0.999998 -0.0018 0
		id 171
	}
	WO IronHand_LandingLight {
		pos 14.510183 101.44709 9.360008
		id 172
	}
	WO FortressPiece_TrainStation {
		pos 14.260229 101.043282 5.66094
		id 173
	}
}
combo IronGarrison {
	pos 112.143944 -17.73737 3.720001
	WO SaltTank {
		pos 108.250633 -20.601015 1.961895
		id 175
	}
	WO FortressPiece_Side {
		pos 111.728798 -19.010885 1.961908
		rot_x -0.012466 0.999922 0
		rot_y -0.999922 -0.012466 0
		scl 1.28
		id 176
	}
	WO FortressPiece_Building1 {
		pos 111.207626 -17.085272 1.961895
		id 177
	}
	WO IronHand_ArmorPlate {
		pos 113.975281 -18.49563 6.951914
		scl 0.49
		id 178
	}
	WO FortressPiece_TrainStation {
		pos 114.026901 -17.572924 6.410959
		id 179
	}
	WO FortressPiece_Pipe1 {
		pos 117.095016 -19.002958 2.061905
		id 180
	}
	WO FortressPiece_Pipe1 {
		pos 105.356812 -18.939966 2.061905
		rot_x -0.996718 0.080957 0
		rot_y -0.080957 -0.996718 0
		id 181
	}
	WO FortressPiece_Corner {
		pos 108.040833 -14.630861 2.103334
		id 182
	}
	WO FortressPiece_Corner {
		pos 115.76104 -14.823023 2.103334
		rot_x -0.0018 -0.999998 0
		rot_y 0.999998 -0.0018 0
		id 183
	}
	WO IronHand_LandingLight {
		pos 114.195236 -17.272352 8.520009
		id 184
	}
	WO FortressPiece_TrainStation {
		pos 113.945282 -17.676157 4.820939
		id 185
	}
}
combo IronGarrison {
	pos 101.952255 -66.08313 4.680011
	WO SaltTank {
		pos 99.073845 -62.201393 2.921905
		rot_x 0.003813 -0.999994 0
		rot_y 0.999994 0.003813 0
		id 187
	}
	WO FortressPiece_Side {
		pos 100.677261 -65.673492 2.921917
		rot_x 0.999868 0.016278 0
		rot_y -0.016278 0.999868 0
		scl 1.28
		id 188
	}
	WO FortressPiece_Building1 {
		pos 102.600845 -65.145042 2.921905
		rot_x 0.003813 -0.999994 0
		rot_y 0.999994 0.003813 0
		id 189
	}
	WO IronHand_ArmorPlate {
		pos 101.201042 -67.918053 7.911926
		rot_x 0.003813 -0.999994 0
		rot_y 0.999994 0.003813 0
		scl 0.49
		id 190
	}
	WO FortressPiece_TrainStation {
		pos 102.123947 -67.966148 7.37097
		rot_x 0.003813 -0.999994 0
		rot_y 0.999994 0.003813 0
		id 191
	}
	WO FortressPiece_Pipe1 {
		pos 100.705696 -71.039635 3.021915
		rot_x 0.003813 -0.999994 0
		rot_y 0.999994 0.003813 0
		id 192
	}
	WO FortressPiece_Pipe1 {
		pos 100.7239 -59.301308 3.021915
		rot_x 0.077156 0.99702 0
		rot_y -0.99702 0.077156 0
		id 193
	}
	WO FortressPiece_Corner {
		pos 105.043114 -61.968826 3.063344
		rot_x 0.003813 -0.999994 0
		rot_y 0.999994 0.003813 0
		id 194
	}
	WO FortressPiece_Corner {
		pos 104.880417 -69.689796 3.063344
		rot_x -0.999998 -0.002013 0
		rot_y 0.002013 -0.999998 0
		id 195
	}
	WO IronHand_LandingLight {
		pos 102.425186 -68.133324 9.480024
		rot_x 0.003813 -0.999994 0
		rot_y 0.999994 0.003813 0
		id 196
	}
	WO FortressPiece_TrainStation {
		pos 102.020378 -67.884895 5.78095
		rot_x 0.003813 -0.999994 0
		rot_y 0.999994 0.003813 0
		id 197
	}
}
combo IronGarrison {
	pos 112.033577 -80.952118 4.619998
	WO SaltTank {
		pos 108.140266 -83.815765 2.861892
		id 199
	}
	WO FortressPiece_Side {
		pos 111.618431 -82.225632 2.861904
		rot_x -0.012466 0.999922 0
		rot_y -0.999922 -0.012466 0
		scl 1.28
		id 200
	}
	WO FortressPiece_Building1 {
		pos 111.09726 -80.300018 2.861892
		id 201
	}
	WO IronHand_ArmorPlate {
		pos 113.864914 -81.710381 7.851908
		scl 0.49
		id 202
	}
	WO FortressPiece_TrainStation {
		pos 113.916534 -80.787674 7.310958
		id 203
	}
	WO FortressPiece_Pipe1 {
		pos 116.98465 -82.217712 2.961901
		id 204
	}
	WO FortressPiece_Pipe1 {
		pos 105.246445 -82.154716 2.961901
		rot_x -0.996718 0.080957 0
		rot_y -0.080957 -0.996718 0
		id 205
	}
	WO FortressPiece_Corner {
		pos 107.930466 -77.845612 3.00333
		id 206
	}
	WO FortressPiece_Corner {
		pos 115.650673 -78.037773 3.00333
		rot_x -0.0018 -0.999998 0
		rot_y 0.999998 -0.0018 0
		id 207
	}
	WO IronHand_LandingLight {
		pos 114.084869 -80.487106 9.420002
		id 208
	}
	WO FortressPiece_TrainStation {
		pos 113.834915 -80.890907 5.720938
		id 209
	}
}
combo IronGarrison {
	pos -86.554298 106.511787 4.860003
	WO SaltTank {
		pos -90.447601 103.648148 3.101897
		id 211
	}
	WO FortressPiece_Side {
		pos -86.969444 105.238274 3.101909
		rot_x -0.012466 0.999922 0
		rot_y -0.999922 -0.012466 0
		scl 1.28
		id 212
	}
	WO FortressPiece_Building1 {
		pos -87.490608 107.163887 3.101897
		id 213
	}
	WO IronHand_ArmorPlate {
		pos -84.722961 105.753532 8.091911
		scl 0.49
		id 214
	}
	WO FortressPiece_TrainStation {
		pos -84.671341 106.676239 7.55096
		id 215
	}
	WO FortressPiece_Pipe1 {
		pos -81.603226 105.246208 3.201907
		id 216
	}
	WO FortressPiece_Pipe1 {
		pos -93.341446 105.309196 3.201907
		rot_x -0.996718 0.080957 0
		rot_y -0.080957 -0.996718 0
		id 217
	}
	WO FortressPiece_Corner {
		pos -90.65741 109.618301 3.243335
		id 218
	}
	WO FortressPiece_Corner {
		pos -82.937202 109.42614 3.243335
		rot_x -0.0018 -0.999998 0
		rot_y 0.999998 -0.0018 0
		id 219
	}
	WO IronHand_LandingLight {
		pos -84.503006 106.976814 9.660004
		id 220
	}
	WO FortressPiece_TrainStation {
		pos -84.75296 106.573006 5.960941
		id 221
	}
}
combo IronGarrison {
	pos -25.590944 50.803608 -3
}
combo remotepad {
	pos -27.429106 49.967152 -2.782946
}
combo remotepad {
	pos -67.042778 2.073461 -2.759905
}
combo remotepad {
	pos 36.795322 -61.936253 0.21066
}
combo remotepad {
	pos 62.479847 27.253918 0.209817
}
combo remotepad {
	pos 10.64945 47.106174 -2.579998
}
combo remotepad {
	pos 79.324234 -26.454111 0.24
}
combo refinerylarge {
	pos 5.609089 83.371353 0
	WO FortressPiece_Pipe2 {
		pos 14.613068 87.29911 -0.608289
		rot_x -0.019221 0.999696 -0.015517
		rot_y -0.999816 -0.019223 0
		rot_z -0.000298 0.015514 0.99988
		scl 0.81
		id 223
	}
	WO BarrelSmokey {
		pos 11.72102 90.561424 -0.078916
		rot_x -0.019223 0.999816 0
		rot_y -0.999816 -0.019223 0
		scl 2.039999
		id 224
	}
	WO FortressPiece_3 {
		pos 10.889891 93.458008 -0.184003
		rot_x -0.019223 0.999816 0
		rot_y -0.999816 -0.019223 0
		id 225
	}
	WO SimpleProps_Fence1 {
		pos 6.798761 92.992203 0.021714
		rot_x -0.019223 0.999816 0
		rot_y -0.999816 -0.019223 0
		id 226
	}
	WO FortressPiece_Pipe5 {
		pos 4.793698 93.665657 0.94928
		rot_x -0.998088 -0.055546 0.027169
		rot_y 0.024956 0.040148 0.998882
		rot_z -0.056575 0.99765 -0.038685
		id 227
	}
	WO BarrelSmokey {
		pos 0.008709 94.460007 -0.078916
		rot_x -0.019223 0.999816 0
		rot_y -0.999816 -0.019223 0
		scl 2.039999
		id 228
	}
	WO SimpleProps_Building3 {
		pos 0.401891 90.455208 -0.615411
		rot_x -0.019223 0.999816 0
		rot_y -0.999816 -0.019223 0
		id 229
	}
	WO FortressPiece_Pipe5 {
		pos -5.011002 87.719208 0.94928
		rot_x -0.9958 -0.087436 0.027169
		rot_y 0.02366 0.040925 0.998882
		rot_z -0.08845 0.995331 -0.038685
		id 230
	}
	WO SandrimProps_Crane1 {
		pos -5.216371 83.584755 -0.078288
		rot_x -0.019223 0.999816 0
		rot_y -0.999816 -0.019223 0
		id 231
	}
	WO SandrimProps_Canisters {
		pos -7.679405 80.526329 -0.078264
		rot_x -0.019223 0.999816 0
		rot_y -0.999816 -0.019223 0
		id 232
	}
	WO SimpleProps_Fence1 {
		pos 0.908723 80.273964 0.021715
		rot_x 0.062833 -0.998024 0
		rot_y 0.998024 0.062833 0
		id 233
	}
	WO Container7 {
		pos -2.668327 80.060539 1.48171
		rot_x 0.304618 0.952476 0
		rot_y -0.952476 0.304618 0
		id 234
	}
	WO Container7 {
		pos -2.477769 79.121628 -0.078288
		rot_x -0.019223 0.999816 0
		rot_y -0.999816 -0.019223 0
		id 235
	}
	WO Container7 {
		pos -2.654255 81.094925 -0.078288
		rot_x -0.019223 0.999816 0
		rot_y -0.999816 -0.019223 0
		id 236
	}
	WO FortPadCablesA {
		pos 0.942613 80.795128 -0.068288
		rot_x -0.894628 0.446814 0
		rot_y -0.446814 -0.894628 0
		id 237
	}
	WO BarrelSmokey {
		pos 1.174824 78.995094 -0.078916
		rot_x -0.019223 0.999816 0
		rot_y -0.999816 -0.019223 0
		scl 2.039999
		id 238
	}
	WO BarrelSmokey {
		pos 3.72257 79.130676 -0.078916
		rot_x -0.019223 0.999816 0
		rot_y -0.999816 -0.019223 0
		scl 2.039999
		id 239
	}
	WO SimpleProps_Tower1 {
		pos 8.231108 85.343887 -0.078288
		rot_x -0.019223 0.999816 0
		rot_y -0.999816 -0.019223 0
		id 240
	}
	WO SimpleProps_Tower2 {
		pos 4.907371 85.559181 -0.781832
		rot_x -0.019223 0.999816 0
		rot_y -0.999816 -0.019223 0
		id 241
	}
	WO SimpleProps_Tower2 {
		pos 11.746517 85.273308 -0.781832
		rot_x -0.019223 0.999816 0
		rot_y -0.999816 -0.019223 0
		id 242
	}
	WO SimpleProps_Barrel {
		pos 14.218092 79.585953 -0.078288
		rot_x -0.019223 0.999816 0
		rot_y -0.999816 -0.019223 0
		id 243
	}
	WO SimpleProps_Barrel {
		pos 13.122215 79.545067 -0.078288
		rot_x -0.019223 0.999816 0
		rot_y -0.999816 -0.019223 0
		id 244
	}
	WO SimpleProps_Barrel {
		pos 11.975527 79.499954 -0.078288
		rot_x -0.019223 0.999816 0
		rot_y -0.999816 -0.019223 0
		id 245
	}
	WO SimpleProps_Barrel {
		pos 10.804419 79.42614 -0.078288
		rot_x -0.019223 0.999816 0
		rot_y -0.999816 -0.019223 0
		id 246
	}
	WO SimpleProps_Barrel {
		pos 10.21892 78.299675 -0.078288
		rot_x -0.019223 0.999816 0
		rot_y -0.999816 -0.019223 0
		id 247
	}
	WO SimpleProps_Barrel {
		pos 11.389969 78.373466 -0.078288
		rot_x -0.019223 0.999816 0
		rot_y -0.999816 -0.019223 0
		id 248
	}
	WO SimpleProps_Barrel {
		pos 12.536633 78.418617 -0.078288
		rot_x -0.019223 0.999816 0
		rot_y -0.999816 -0.019223 0
		id 249
	}
	WO SimpleProps_Barrel {
		pos 13.632534 78.459503 -0.078288
		rot_x -0.019223 0.999816 0
		rot_y -0.999816 -0.019223 0
		id 250
	}
	WO FortressPiece_Pipe5 {
		pos 9.610281 75.791168 0.94928
		rot_x 0.047568 -0.998104 -0.03909
		rot_y -0.030362 -0.040561 0.998716
		rot_z -0.998407 -0.04632 -0.032234
		id 251
	}
}
combo refineryexhaust {
	pos -0.804202 83.922394 0
	WO FortressPiece_Pipe5 {
		pos -1.324024 82.733826 2.709067
		rot_x 0.07 0.033009 0.997001
		rot_y 0.606886 0.791803 -0.068825
		rot_z -0.7917 0.609884 0.035394
		id 253
	}
	WO FortressPiece_Pipe1 {
		pos 0.659069 83.395996 -0.503363
		rot_y 0 1 -0.000564
		rot_z 0 0.000564 1
		id 254
	}
	WO BarrelSmokey {
		pos 0.022228 84.525391 -0.600933
		id 255
	}
	WO SimpleProps_FortressFenceCorner {
		pos 0.745739 82.600464 -0.502914
		rot_y 0 1 -0.000564
		rot_z 0 0.000564 1
		id 256
	}
	WO SimpleProps_FortressFenceCorner {
		pos -2.991978 85.250427 -0.500923
		rot_x -0.998136 0.061031 0
		rot_y -0.061031 -0.998136 0
		id 257
	}
	WO SandrimProps_Crane3 {
		pos -1.936245 85.027527 -0.600933
		scl 0.8
		id 258
	}
}
combo refineryexhaust {
	pos 7.641817 87.182472 0.000001
}
combo refinerylarge {
	pos 75.539597 40.328575 -0.030002
}
combo drytuft {
	pos 92.129562 37.003441 3
	WO CanyonPlantGrassB {
		pos 92.540222 36.665405 2.482526
		rot_y 0 1 -0.00005
		rot_z 0 0.00005 1
		id 260
	}
	WO CanyonPlantGrassI {
		pos 93.617096 36.874878 2.482495
		id 261
	}
	WO CanyonPlantGrassK {
		pos 92.722305 37.223083 4.552494
		id 262
	}
	WO CanyonPlantGrassK {
		pos 91.014511 36.840271 4.552494
		rot_x 0.58638 -0.810036 0
		rot_y 0.810036 0.58638 0
		id 263
	}
	WO CanyonPlantGrassW {
		pos 91.214874 36.480286 2.482495
		id 264
	}
	WO CanyonPlantGrassC {
		pos 92.413849 36.642334 2.482495
		id 265
	}
	WO CanyonPlantGrassD {
		pos 92.175964 39.720764 2.482507
		id 266
	}
	WO CanyonPlantGrassG {
		pos 91.337654 35.580322 2.482495
		id 267
	}
}
combo drytuft {
	pos 84.090675 45.110577 3.001206
	WO CanyonPlantGrassB {
		pos 84.501343 44.772583 2.483732
		rot_y 0 1 -0.00005
		rot_z 0 0.00005 1
		id 269
	}
	WO CanyonPlantGrassI {
		pos 85.578217 44.982056 2.483701
		id 270
	}
	WO CanyonPlantGrassK {
		pos 84.683426 45.330261 4.553699
		id 271
	}
	WO CanyonPlantGrassK {
		pos 82.975632 44.947449 4.553699
		rot_x 0.58638 -0.810036 0
		rot_y 0.810036 0.58638 0
		id 272
	}
	WO CanyonPlantGrassW {
		pos 83.175995 44.587463 2.483701
		id 273
	}
	WO CanyonPlantGrassC {
		pos 84.374969 44.749512 2.483701
		id 274
	}
	WO CanyonPlantGrassD {
		pos 84.137085 47.827942 2.483713
		id 275
	}
	WO CanyonPlantGrassG {
		pos 83.298775 43.6875 2.483701
		id 276
	}
}
combo drytuft {
	pos -38.21978 85.47644 0.000002
	WO CanyonPlantGrassB {
		pos -37.80912 85.138428 -0.517472
		rot_y 0 1 -0.00005
		rot_z 0 0.00005 1
		id 278
	}
	WO CanyonPlantGrassI {
		pos -36.732239 85.3479 -0.517503
		id 279
	}
	WO CanyonPlantGrassK {
		pos -37.627029 85.696106 1.552496
		id 280
	}
	WO CanyonPlantGrassK {
		pos -39.334827 85.313293 1.552496
		rot_x 0.58638 -0.810036 0
		rot_y 0.810036 0.58638 0
		id 281
	}
	WO CanyonPlantGrassW {
		pos -39.134468 84.953308 -0.517503
		id 282
	}
	WO CanyonPlantGrassC {
		pos -37.935493 85.115356 -0.517503
		id 283
	}
	WO CanyonPlantGrassD {
		pos -38.173378 88.193787 -0.517491
		id 284
	}
	WO CanyonPlantGrassG {
		pos -39.011684 84.053345 -0.517503
		id 285
	}
}
combo drytuft {
	pos -59.318401 69.084305 0
	WO CanyonPlantGrassB {
		pos -58.907742 68.746277 -0.517474
		rot_y 0 1 -0.00005
		rot_z 0 0.00005 1
		id 287
	}
	WO CanyonPlantGrassI {
		pos -57.83086 68.95575 -0.517505
		id 288
	}
	WO CanyonPlantGrassK {
		pos -58.725651 69.303955 1.552494
		id 289
	}
	WO CanyonPlantGrassK {
		pos -60.433449 68.921143 1.552494
		rot_x 0.58638 -0.810036 0
		rot_y 0.810036 0.58638 0
		id 290
	}
	WO CanyonPlantGrassW {
		pos -60.233089 68.561157 -0.517505
		id 291
	}
	WO CanyonPlantGrassC {
		pos -59.034115 68.723206 -0.517505
		id 292
	}
	WO CanyonPlantGrassD {
