// map: keep

// level embedded console commands 
CONSOLE gameUI enable PressAText
CONSOLE gameUI disable LoadingText
CONSOLE sym set IsLoaded 1
CONSOLE_IMMEDIATE rook setCreepLimit 6
CONSOLE_IMMEDIATE rook setLevelExpReqMult 1.8
CONSOLE_IMMEDIATE sym set S_Wave 0
CONSOLE_IMMEDIATE gfx reloadMasterMaterial master_Canyon.mtl ToMoss
CONSOLE_IMMEDIATE gfx reloadMasterMaterial master_EnvironmentMapped.mtl Canyon
CONSOLE_IMMEDIATE sym set IronHandSurvivalEnemies 1
CONSOLE_IMMEDIATE sym set ShowPlayerScore 1
CONSOLE_EXIT_IMMEDIATE sym set ShowPlayerScore 0
CONSOLE_EXIT_IMMEDIATE sym set IronHandSurvivalEnemies 0

mapInfo {
	MAPNAME keep
	MAPAUTHOR CarbonGames
	MAPDESCRIPTION TwinPeaks
	SKYBOX mat_SkyBlueSmallClouds
	TILESET Canyon
	EDGING ToSand
	GAMEMODE custom
	GAMESTYLE Survival
	PREGAME 3
	PREGAME_RADIUS 55
}

mapBounds {
	LEVELCAMERA_ZROT 225
	AutoExtShadowCheckAtZHeight 1000
	FORCEBOX -55 78 -80 58 1 0
	FORCEBOX2 -62 82 -72 82 1 45
	MAPEXTMIN -100 -100 25
	MAPEXTMAX 100 100 0
	CAMERAEXTMIN -50 -65
	CAMERAEXTMAX 65 50
}

mapBalance {
}

editorSettings {
	TerrainSelectionActive Editor_Boreal
	TerrainArrayX 30
	TerrainArrayY 30
	TerrainPatternActive Editor_PatternSquare
}

planeZones {
  KILLPLANE -6
  TRANSFORMPLANE -1
}

fogValues {
	FOGCOLOR 186 179 206 255
	FOGARGS 14 16
	DFOGCOLOR 201.210938 211.171875 239.0625 255
	DFOGCOLOR2 201.210938 211.171875 239.0625 255
	DFOGARGS 90 150
	DFOGARGS2 90 150
	CANVASCOLOR 88 109 117 0
}

gamelocations {
	GL {
		name center
		shape 0
		pos -60.383854 59.957573 -0.000015
		radius 1
	}
	GL {
		name left
		shape 0
		pos 27.913593 79.979317 0.003464
		radius 1
	}
	GL {
		name right
		shape 0
		pos -79.313011 -28.200832 0.003464
		radius 1
	}
	GL {
		name clouds2
		shape 0
		pos 78.407913 8.23011 0
		radius 1
	}
	GL {
		name clouds
		shape 0
		pos 80.756462 10.471931 0
		radius 1
	}
}
combos {
combo pinebundle {
	pos 0.991867 -13.96085 -15.322107
}
combo greentuft {
	pos 57.846741 -66.590332 0.003083
	WO CanyonPlantGrassQ {
		pos 56.680485 -68.779381 0.033089
		rot_x -0.737986 -0.674818 0
		rot_y 0.674818 -0.737986 0
		id 1
	}
	WO CanyonPlantGrassN {
		pos 56.979652 -67.471184 0.033084
		rot_x -0.737986 -0.674818 0
		rot_y 0.674818 -0.737986 0
		id 2
	}
	WO CanyonPlantBushB {
		pos 58.27253 -65.921059 -0.146873
		rot_x -0.737986 -0.674818 0
		rot_y 0.674818 -0.737986 0
		id 3
	}
	WO CanyonPlantGrassW {
		pos 56.975685 -66.158318 0.033034
		rot_x -0.737986 -0.674818 -0.000324
		rot_y 0.674818 -0.737986 0
		rot_z -0.000239 -0.000219 1
		id 269
	}
	WO CanyonPlantGrassX {
		pos 59.095329 -65.04818 0.033083
		rot_x -0.737986 -0.674818 0
		rot_y 0.674818 -0.737986 0
		id 266
	}
	WO CanyonPlantGrassM {
		pos 59.077194 -66.164299 0.033083
		rot_x -0.737986 -0.674818 0
		rot_y 0.674818 -0.737986 0
		id 265
	}
}
combo greentuft {
	pos 52.889381 -67.863518 0.000014
	WO CanyonPlantGrassQ {
		pos 55.22728 -67.035126 0.03002
		id 261
	}
	WO CanyonPlantGrassN {
		pos 54.123714 -67.798676 0.030015
		id 9
	}
	WO CanyonPlantBushB {
		pos 52.123531 -68.07016 -0.149942
		id 10
	}
	WO CanyonPlantGrassW {
		pos 53.240673 -68.770233 0.029965
		rot_x 1 0 -0.000324
		rot_z 0.000324 0 1
		id 11
	}
	WO CanyonPlantGrassX {
		pos 50.92728 -68.159119 0.030014
		id 12
	}
	WO CanyonPlantGrassM {
		pos 51.693813 -67.347687 0.030014
		id 13
	}
}
combo greentuft {
	pos 63.894791 -61.195618 0.000028
	WO CanyonPlantGrassQ {
		pos 62.638878 -63.334541 0.030034
		rot_x -0.76546 -0.643498 0
		rot_y 0.643498 -0.76546 0
		id 15
	}
	WO CanyonPlantGrassN {
		pos 62.992188 -62.039974 0.030029
		rot_x -0.76546 -0.643498 0
		rot_y 0.643498 -0.76546 0
		id 16
	}
	WO CanyonPlantBushB {
		pos 64.34848 -60.544937 -0.149928
		rot_x -0.76546 -0.643498 0
		rot_y 0.643498 -0.76546 0
		id 17
	}
	WO CanyonPlantGrassW {
		pos 63.042877 -60.728077 0.029979
		rot_x -0.76546 -0.643498 -0.000324
		rot_y 0.643498 -0.76546 0
		rot_z -0.000248 -0.000208 1
		id 225
	}
	WO CanyonPlantGrassX {
		pos 65.206863 -59.707039 0.030028
		rot_x -0.76546 -0.643498 0
		rot_y 0.643498 -0.76546 0
		id 19
	}
	WO CanyonPlantGrassM {
		pos 65.142319 -60.821419 0.030028
		rot_x -0.76546 -0.643498 0
		rot_y 0.643498 -0.76546 0
		id 20
	}
}
combo greentuft {
	pos 71.735519 -18.768177 0.003083
	WO CanyonPlantGrassQ {
		pos 70.569321 -20.95727 0.033089
		rot_x -0.737986 -0.674818 0
		rot_y 0.674818 -0.737986 0
		id 22
	}
	WO CanyonPlantGrassN {
		pos 70.868492 -19.649069 0.033084
		rot_x -0.737986 -0.674818 0
		rot_y 0.674818 -0.737986 0
		id 23
	}
	WO CanyonPlantBushB {
		pos 72.161369 -18.098944 -0.146873
		rot_x -0.737986 -0.674818 0
		rot_y 0.674818 -0.737986 0
		id 227
	}
	WO CanyonPlantGrassW {
		pos 70.864525 -18.336203 0.033034
		rot_x -0.737986 -0.674818 -0.000324
		rot_y 0.674818 -0.737986 0
		rot_z -0.000239 -0.000219 1
		id 229
	}
	WO CanyonPlantGrassX {
		pos 72.984169 -17.226065 0.033083
		rot_x -0.737986 -0.674818 0
		rot_y 0.674818 -0.737986 0
		id 26
	}
	WO CanyonPlantGrassM {
		pos 72.966026 -18.342184 0.033083
		rot_x -0.737986 -0.674818 0
		rot_y 0.674818 -0.737986 0
		id 27
	}
}
combo greentuft {
	pos 32.099174 5.101564 0.003083
	WO CanyonPlantGrassQ {
		pos 30.933041 2.912497 0.033089
		rot_x -0.737986 -0.674818 0
		rot_y 0.674818 -0.737986 0
		id 29
	}
	WO CanyonPlantGrassN {
		pos 31.232212 4.220697 0.033084
		rot_x -0.737986 -0.674818 0
		rot_y 0.674818 -0.737986 0
		id 233
	}
	WO CanyonPlantBushB {
		pos 32.525089 5.770823 -0.146873
		rot_x -0.737986 -0.674818 0
		rot_y 0.674818 -0.737986 0
		id 31
	}
	WO CanyonPlantGrassW {
		pos 31.228245 5.533564 0.033034
		rot_x -0.737986 -0.674818 -0.000324
		rot_y 0.674818 -0.737986 0
		rot_z -0.000239 -0.000219 1
		id 32
	}
	WO CanyonPlantGrassX {
		pos 33.347881 6.643702 0.033083
		rot_x -0.737986 -0.674818 0
		rot_y 0.674818 -0.737986 0
		id 33
	}
	WO CanyonPlantGrassM {
		pos 33.329739 5.527582 0.033083
		rot_x -0.737986 -0.674818 0
		rot_y 0.674818 -0.737986 0
		id 238
	}
}
combo greentuft {
	pos 58.880165 72.812637 0.003083
	WO CanyonPlantGrassQ {
		pos 57.714085 70.623611 0.033089
		rot_x -0.737986 -0.674818 0
		rot_y 0.674818 -0.737986 0
		id 36
	}
	WO CanyonPlantGrassN {
		pos 58.013256 71.931816 0.033084
		rot_x -0.737986 -0.674818 0
		rot_y 0.674818 -0.737986 0
		id 37
	}
	WO CanyonPlantBushB {
		pos 59.306133 73.481941 -0.146873
		rot_x -0.737986 -0.674818 0
		rot_y 0.674818 -0.737986 0
		id 38
	}
	WO CanyonPlantGrassW {
		pos 58.009289 73.244682 0.033034
		rot_x -0.737986 -0.674818 -0.000324
		rot_y 0.674818 -0.737986 0
		rot_z -0.000239 -0.000219 1
		id 237
	}
	WO CanyonPlantGrassX {
		pos 60.128925 74.35482 0.033083
		rot_x -0.737986 -0.674818 0
		rot_y 0.674818 -0.737986 0
		id 40
	}
	WO CanyonPlantGrassM {
		pos 60.110783 73.238701 0.033083
		rot_x -0.737986 -0.674818 0
		rot_y 0.674818 -0.737986 0
		id 41
	}
}
combo greentuft {
	pos 10.115236 70.144073 0.003083
	WO CanyonPlantGrassQ {
		pos 8.949175 67.955177 0.033089
		rot_x -0.737986 -0.674818 0
		rot_y 0.674818 -0.737986 0
		id 244
	}
	WO CanyonPlantGrassN {
		pos 9.248346 69.26339 0.033084
		rot_x -0.737986 -0.674818 0
		rot_y 0.674818 -0.737986 0
		id 246
	}
	WO CanyonPlantBushB {
		pos 10.541222 70.813515 -0.146873
		rot_x -0.737986 -0.674818 0
		rot_y 0.674818 -0.737986 0
		id 248
	}
	WO CanyonPlantGrassW {
		pos 9.244379 70.576256 0.033034
		rot_x -0.737986 -0.674818 -0.000324
		rot_y 0.674818 -0.737986 0
		rot_z -0.000239 -0.000219 1
		id 250
	}
	WO CanyonPlantGrassX {
		pos 11.364014 71.686386 0.033083
		rot_x -0.737986 -0.674818 0
		rot_y 0.674818 -0.737986 0
		id 47
	}
	WO CanyonPlantGrassM {
		pos 11.345871 70.570274 0.033083
		rot_x -0.737986 -0.674818 0
		rot_y 0.674818 -0.737986 0
		id 252
	}
}
combo greentuft {
	pos -37.326889 43.991768 0.003083
	WO CanyonPlantGrassQ {
		pos -38.493019 41.802933 0.033089
		rot_x -0.737986 -0.674818 0
		rot_y 0.674818 -0.737986 0
		id 254
	}
	WO CanyonPlantGrassN {
		pos -38.193848 43.111145 0.033084
		rot_x -0.737986 -0.674818 0
		rot_y 0.674818 -0.737986 0
		id 51
	}
	WO CanyonPlantBushB {
		pos -36.90097 44.66127 -0.146873
		rot_x -0.737986 -0.674818 0
		rot_y 0.674818 -0.737986 0
		id 256
	}
	WO CanyonPlantGrassW {
		pos -38.197815 44.424011 0.033034
		rot_x -0.737986 -0.674818 -0.000324
		rot_y 0.674818 -0.737986 0
		rot_z -0.000239 -0.000219 1
		id 53
	}
	WO CanyonPlantGrassX {
		pos -36.078178 45.534142 0.033083
		rot_x -0.737986 -0.674818 0
		rot_y 0.674818 -0.737986 0
		id 54
	}
	WO CanyonPlantGrassM {
		pos -36.096321 44.41803 0.033083
		rot_x -0.737986 -0.674818 0
		rot_y 0.674818 -0.737986 0
		id 55
	}
}
combo greentuft {
	pos -27.992554 -29.860065 0.003083
	WO CanyonPlantGrassQ {
		pos -29.158752 -32.048927 0.033089
		rot_x -0.737986 -0.674818 0
		rot_y 0.674818 -0.737986 0
		id 57
	}
	WO CanyonPlantGrassN {
		pos -28.859581 -30.740719 0.033084
		rot_x -0.737986 -0.674818 0
		rot_y 0.674818 -0.737986 0
		id 58
	}
	WO CanyonPlantBushB {
		pos -27.566704 -29.19059 -0.146873
		rot_x -0.737986 -0.674818 0
		rot_y 0.674818 -0.737986 0
		id 280
	}
	WO CanyonPlantGrassW {
		pos -28.863548 -29.427853 0.033034
		rot_x -0.737986 -0.674818 -0.000324
		rot_y 0.674818 -0.737986 0
		rot_z -0.000239 -0.000219 1
		id 60
	}
	WO CanyonPlantGrassX {
		pos -26.743912 -28.31772 0.033083
		rot_x -0.737986 -0.674818 0
		rot_y 0.674818 -0.737986 0
		id 61
	}
	WO CanyonPlantGrassM {
		pos -26.762054 -29.433834 0.033083
		rot_x -0.737986 -0.674818 0
		rot_y 0.674818 -0.737986 0
		id 62
	}
}
combo greentuft {
	pos -4.031307 -33.188347 0.003083
	WO CanyonPlantGrassQ {
		pos -5.197511 -35.377235 0.033089
		rot_x -0.737986 -0.674818 0
		rot_y 0.674818 -0.737986 0
		id 64
	}
	WO CanyonPlantGrassN {
		pos -4.898339 -34.069019 0.033084
		rot_x -0.737986 -0.674818 0
		rot_y 0.674818 -0.737986 0
		id 65
	}
	WO CanyonPlantBushB {
		pos -3.605462 -32.51889 -0.146873
		rot_x -0.737986 -0.674818 0
		rot_y 0.674818 -0.737986 0
		id 66
	}
	WO CanyonPlantGrassW {
		pos -4.902307 -32.756153 0.033034
		rot_x -0.737986 -0.674818 -0.000324
		rot_y 0.674818 -0.737986 0
		rot_z -0.000239 -0.000219 1
		id 67
	}
	WO CanyonPlantGrassX {
		pos -2.78267 -31.646019 0.033083
		rot_x -0.737986 -0.674818 0
		rot_y 0.674818 -0.737986 0
		id 68
	}
	WO CanyonPlantGrassM {
		pos -2.800813 -32.762135 0.033083
		rot_x -0.737986 -0.674818 0
		rot_y 0.674818 -0.737986 0
		id 69
	}
}
combo greentuft {
	pos -39.416359 -69.145126 0.003083
	WO CanyonPlantGrassQ {
		pos -41.66864 -70.184189 0.033089
		rot_x -0.995804 -0.091522 0
		rot_y 0.091522 -0.995804 0
		id 71
	}
	WO CanyonPlantGrassN {
		pos -40.639565 -69.322823 0.033084
		rot_x -0.995804 -0.091522 0
		rot_y 0.091522 -0.995804 0
		id 72
	}
	WO CanyonPlantBushB {
		pos -38.672626 -68.869415 -0.146873
		rot_x -0.995804 -0.091522 0
		rot_y 0.091522 -0.995804 0
		id 73
	}
	WO CanyonPlantGrassW {
		pos -39.849178 -68.274544 0.033034
		rot_x -0.995804 -0.091522 -0.000324
		rot_y 0.091522 -0.995804 0
		rot_z -0.000323 -0.00003 1
		id 317
	}
	WO CanyonPlantGrassX {
		pos -37.489563 -68.671371 0.033083
		rot_x -0.995804 -0.091522 0
		rot_y 0.091522 -0.995804 0
		id 75
	}
	WO CanyonPlantGrassM {
		pos -38.178635 -69.549538 0.033083
		rot_x -0.995804 -0.091522 0
		rot_y 0.091522 -0.995804 0
		id 76
	}
}
combo keeptuft {
	pos 66.599693 -53.695747 0.384667
	WO CanyonPlantGrassV {
		pos 65.718033 -54.175282 0.495541
		rot_x -0.879525 -0.475852 0
		rot_y 0.47581 -0.879448 0.013292
		rot_z -0.006325 0.011691 0.999912
		id 78
	}
	WO CanyonPlantGrassX {
		pos 67.243271 -54.183113 0.124421
		rot_x -0.822015 -0.569466 0
		rot_y 0.569415 -0.821943 0.013292
		rot_z -0.007569 0.010926 0.999912
		id 79
	}
	WO CanyonPlantGrassU {
		pos 67.023819 -52.475075 0.799133
		rot_x -0.891025 -0.453953 0
		rot_y 0.453913 -0.890947 0.013292
		rot_z -0.006034 0.011844 0.999912
		id 80
	}
	WO CanyonPlantGrassM {
		pos 66.413658 -53.949524 0.119572
		rot_x -0.650817 -0.759235 0
		rot_y 0.759168 -0.650759 0.013292
		rot_z -0.010092 0.008651 0.999912
		id 81
	}
}
combo keeptuft {
	pos 69.065926 -44.561489 0.384667
	WO CanyonPlantGrassV {
		pos 68.184265 -45.041023 0.495541
		rot_x -0.879525 -0.475852 0
		rot_y 0.47581 -0.879448 0.013292
		rot_z -0.006325 0.011691 0.999912
		id 83
	}
	WO CanyonPlantGrassX {
		pos 69.709503 -45.048855 0.124421
		rot_x -0.822015 -0.569466 0
		rot_y 0.569415 -0.821943 0.013292
		rot_z -0.007569 0.010926 0.999912
		id 84
	}
	WO CanyonPlantGrassU {
		pos 69.490051 -43.340816 0.799133
		rot_x -0.891025 -0.453953 0
		rot_y 0.453913 -0.890947 0.013292
		rot_z -0.006034 0.011844 0.999912
		id 85
	}
	WO CanyonPlantGrassM {
		pos 68.87989 -44.815266 0.119572
		rot_x -0.650817 -0.759235 0
		rot_y 0.759168 -0.650759 0.013292
		rot_z -0.010092 0.008651 0.999912
		id 86
	}
}
combo keeptuft {
	pos 63.855824 -37.811943 0.384667
	WO CanyonPlantGrassV {
		pos 63.389477 -38.70063 0.495541
		rot_x -0.466651 -0.884442 0
		rot_y 0.884364 -0.46661 0.013292
		rot_z -0.011756 0.006203 0.999912
		id 88
	}
	WO CanyonPlantGrassX {
		pos 64.661728 -37.859356 0.124421
		rot_x -0.36681 -0.930297 0
		rot_y 0.930215 -0.366777 0.013292
		rot_z -0.012366 0.004876 0.999912
		id 89
	}
	WO CanyonPlantGrassU {
		pos 63.529903 -36.561466 0.799133
		rot_x -0.488383 -0.87263 0
		rot_y 0.872553 -0.48834 0.013292
		rot_z -0.011599 0.006492 0.999912
		id 90
	}
	WO CanyonPlantGrassM {
		pos 63.842243 -38.126305 0.119572
		rot_x -0.119013 -0.992893 0
		rot_y 0.992806 -0.119003 0.013292
		rot_z -0.013198 0.001582 0.999912
		id 91
	}
}
combo keeptuft {
	pos 63.184429 -41.105019 0.384667
	WO CanyonPlantGrassV {
		pos 62.603252 -41.923126 0.495542
		rot_x -0.580873 -0.813993 0
		rot_y 0.813921 -0.580822 0.013292
		rot_z -0.01082 0.007721 0.999912
		id 93
	}
	WO CanyonPlantGrassX {
		pos 63.976612 -41.259861 0.124422
		rot_x -0.488071 -0.872803 0
		rot_y 0.872726 -0.488028 0.013292
		rot_z -0.011601 0.006487 0.999912
		id 94
	}
	WO CanyonPlantGrassU {
		pos 63.028831 -39.822018 0.799133
		rot_x -0.600828 -0.799377 0
		rot_y 0.799307 -0.600775 0.013292
		rot_z -0.010625 0.007986 0.999912
		id 95
	}
	WO CanyonPlantGrassM {
		pos 63.128822 -41.414589 0.119573
		rot_x -0.250888 -0.968015 0
		rot_y 0.96793 -0.250866 0.013292
		rot_z -0.012867 0.003335 0.999912
		id 96
	}
}
combo keeptuft {
	pos 56.905731 -47.383663 0.384667
	WO CanyonPlantGrassV {
		pos 55.902264 -47.392216 0.49554
		rot_x -0.999978 -0.006485 0
		rot_y 0.006484 -0.99989 0.013292
		rot_z -0.000086 0.013292 0.999912
		id 98
	}
	WO CanyonPlantGrassX {
		pos 57.244629 -48.116165 0.12442
		rot_x -0.993232 -0.116145 0
		rot_y 0.116135 -0.993144 0.013292
		rot_z -0.001544 0.013202 0.999912
		id 99
	}
	WO CanyonPlantGrassU {
		pos 57.854053 -46.505489 0.799133
		rot_x -0.999833 0.01825 0
		rot_y -0.018248 -0.999745 0.013292
		rot_z 0.000243 0.01329 0.999912
		id 100
	}
	WO CanyonPlantGrassM {
		pos 56.622341 -47.519958 0.119571
		rot_x -0.931351 -0.364121 0
		rot_y 0.364089 -0.931269 0.013292
		rot_z -0.00484 0.01238 0.999912
		id 101
	}
}
combo keeptuft {
	pos -5.271604 -38.644146 0.384667
	WO CanyonPlantGrassV {
		pos -6.275056 -38.652634 0.49554
		rot_x -0.999978 -0.006485 0
		rot_y 0.006484 -0.99989 0.013292
		rot_z -0.000086 0.013292 0.999912
		id 103
	}
	WO CanyonPlantGrassX {
		pos -4.932691 -39.376583 0.12442
		rot_x -0.993232 -0.116145 0
		rot_y 0.116135 -0.993144 0.013292
		rot_z -0.001544 0.013202 0.999912
		id 104
	}
	WO CanyonPlantGrassU {
		pos -4.323266 -37.765903 0.799133
		rot_x -0.999833 0.01825 0
		rot_y -0.018248 -0.999745 0.013292
		rot_z 0.000243 0.01329 0.999912
		id 105
	}
	WO CanyonPlantGrassM {
		pos -5.554978 -38.780373 0.119571
		rot_x -0.931351 -0.364121 0
		rot_y 0.364089 -0.931269 0.013292
		rot_z -0.00484 0.01238 0.999912
		id 106
	}
}
combo keeptuft {
	pos 24.919188 8.982275 0.384667
	WO CanyonPlantGrassV {
		pos 24.785158 7.987787 0.495541
		rot_x -0.135535 -0.990772 0
		rot_y 0.990685 -0.135524 0.013292
		rot_z -0.013169 0.001802 0.999912
		id 108
	}
	WO CanyonPlantGrassX {
		pos 25.692335 9.213788 0.124421
		rot_x -0.026028 -0.999661 0
		rot_y 0.999573 -0.026025 0.013292
		rot_z -0.013287 0.000346 0.999912
		id 109
	}
	WO CanyonPlantGrassU {
		pos 24.184477 10.045687 0.799133
		rot_x -0.159999 -0.987117 0
		rot_y 0.98703 -0.159985 0.013292
		rot_z -0.013121 0.002127 0.999912
		id 110
	}
	WO CanyonPlantGrassM {
		pos 25.013821 8.68244 0.119572
		rot_x 0.228221 -0.97361 0
		rot_y 0.973523 0.228201 0.013292
		rot_z -0.012941 -0.003034 0.999912
		id 111
	}
}
combo keeptuft {
	pos 44.530319 18.348024 0.384667
	WO CanyonPlantGrassV {
		pos 45.011055 17.467234 0.495543
		rot_x 0.477335 -0.87872 0
		rot_y 0.878643 0.477293 0.013292
		rot_z -0.01168 -0.006345 0.999912
		id 113
	}
	WO CanyonPlantGrassX {
		pos 45.01635 18.99238 0.124423
		rot_x 0.570852 -0.821052 0
		rot_y 0.82098 0.570802 0.013292
		rot_z -0.010913 -0.007588 0.999912
		id 114
	}
	WO CanyonPlantGrassU {
		pos 43.308617 18.770132 0.799133
		rot_x 0.455456 -0.890258 0
		rot_y 0.890179 0.455416 0.013292
		rot_z -0.011833 -0.006054 0.999912
		id 115
	}
	WO CanyonPlantGrassM {
		pos 44.784092 18.162451 0.119574
		rot_x 0.760332 -0.649535 0
		rot_y 0.649477 0.760265 0.013292
		rot_z -0.008634 -0.010106 0.999912
		id 116
	}
}
combo keeptuft {
	pos 25.250095 25.882341 0.384667
	WO CanyonPlantGrassV {
		pos 24.478611 25.240725 0.495545
		rot_x -0.770134 -0.63788 0
		rot_y 0.637824 -0.770066 0.013292
		rot_z -0.008479 0.010237 0.999912
		id 118
	}
	WO CanyonPlantGrassX {
		pos 25.97613 25.529739 0.124425
		rot_x -0.69551 -0.718516 0
		rot_y 0.718452 -0.695448 0.013292
		rot_z -0.009551 0.009245 0.999912
		id 119
	}
	WO CanyonPlantGrassU {
		pos 25.428635 27.162521 0.799133
		rot_x -0.785676 -0.618637 0
		rot_y 0.618583 -0.785606 0.013292
		rot_z -0.008223 0.010443 0.999912
		id 120
	}
	WO CanyonPlantGrassM {
		pos 25.116987 25.597536 0.119576
		rot_x -0.490662 -0.87135 0
		rot_y 0.871273 -0.490618 0.013292
		rot_z -0.011582 0.006522 0.999912
		id 121
	}
}
combo keeptuft {
	pos -4.42918 16.876686 0.384667
	WO CanyonPlantGrassV {
		pos -5.200679 16.235111 0.495547
		rot_x -0.770134 -0.63788 0
		rot_y 0.637824 -0.770066 0.013292
		rot_z -0.008479 0.010237 0.999912
		id 123
	}
	WO CanyonPlantGrassX {
		pos -3.703159 16.524126 0.124427
		rot_x -0.69551 -0.718516 0
		rot_y 0.718452 -0.695448 0.013292
		rot_z -0.009551 0.009245 0.999912
		id 124
	}
	WO CanyonPlantGrassU {
		pos -4.250658 18.156908 0.799133
		rot_x -0.785676 -0.618637 0
		rot_y 0.618583 -0.785606 0.013292
		rot_z -0.008223 0.010443 0.999912
		id 125
	}
	WO CanyonPlantGrassM {
		pos -4.562305 16.591923 0.119578
		rot_x -0.490662 -0.87135 0
		rot_y 0.871273 -0.490618 0.013292
		rot_z -0.011582 0.006522 0.999912
		id 126
	}
}
combo keeptuft {
	pos -16.586727 3.236504 0.384667
	WO CanyonPlantGrassV {
		pos -17.584869 3.133692 0.495548
		rot_x -0.994933 -0.100533 0
		rot_y 0.100524 -0.994845 0.013292
		rot_z -0.001336 0.013225 0.999912
		id 128
	}
	WO CanyonPlantGrassX {
		pos -16.180332 2.539222 0.124427
		rot_x -0.977899 -0.209073 0
		rot_y 0.209054 -0.977813 0.013292
		rot_z -0.002779 0.012998 0.999912
		id 129
	}
	WO CanyonPlantGrassU {
		pos -15.725133 4.200106 0.799133
		rot_x -0.997115 -0.075895 0
		rot_y 0.075888 -0.997027 0.013292
		rot_z -0.001009 0.013254 0.999912
		id 130
	}
	WO CanyonPlantGrassM {
		pos -16.855953 3.074258 0.119578
		rot_x -0.892964 -0.450127 0
		rot_y 0.450087 -0.892885 0.013292
		rot_z -0.005983 0.011869 0.999912
		id 131
	}
}
combo keeptuft {
	pos -23.672159 30.812744 0.384667
	WO CanyonPlantGrassV {
		pos -23.614157 29.81105 0.495547
		rot_x 0.05582 -0.99844 0
		rot_y 0.998352 0.055815 0.013292
		rot_z -0.013271 -0.000742 0.999912
		id 133
	}
	WO CanyonPlantGrassX {
		pos -22.957289 31.187525 0.124427
		rot_x 0.165014 -0.986291 0
		rot_y 0.986204 0.165 0.013292
		rot_z -0.01311 -0.002193 0.999912
		id 134
	}
	WO CanyonPlantGrassU {
		pos -24.596104 31.716728 0.799133
		rot_x 0.031108 -0.999516 0
		rot_y 0.999427 0.031106 0.013292
		rot_z -0.013286 -0.000413 0.999912
		id 135
	}
	WO CanyonPlantGrassM {
		pos -23.522091 30.536573 0.119578
		rot_x 0.409634 -0.91225 0
		rot_y 0.912169 0.409598 0.013292
		rot_z -0.012126 -0.005445 0.999912
		id 275
	}
}
combo keeptuft {
	pos -30.251389 23.267939 0.384667
	WO CanyonPlantGrassV {
		pos -31.187593 23.628796 0.495547
		rot_x -0.932381 0.361477 0
		rot_y -0.361445 -0.932299 0.013292
		rot_z 0.004805 0.012393 0.999912
		id 277
	}
	WO CanyonPlantGrassX {
		pos -30.20524 22.462122 0.124426
		rot_x -0.966408 0.257011 0
		rot_y -0.256988 -0.966323 0.013292
		rot_z 0.003416 0.012846 0.999912
		id 139
	}
	WO CanyonPlantGrassU {
		pos -29.046503 23.736139 0.799132
		rot_x -0.923156 0.384428 0
		rot_y -0.384393 -0.923074 0.013292
		rot_z 0.00511 0.012271 0.999912
		id 140
	}
	WO CanyonPlantGrassM {
		pos -30.56485 23.245323 0.119577
		rot_x -0.999994 0.003648 0
		rot_y -0.003647 -0.999906 0.013292
		rot_z 0.000048 0.013292 0.999912
		id 141
	}
}
combo pupplatform {
	pos 58.824665 -59.766899 0.034421
	WO FortPadNeutral {
		pos 59.913261 -59.339138 0.719801
		rot_x -0.676505 -0.736439 0
		rot_y 0.736439 -0.676505 0
		id 143
	}
	WO FortressPiece_Square {
		pos 59.710697 -59.002903 0.016154
		rot_x -0.681569 -0.731756 0
		rot_y 0.731756 -0.681569 0
		id 144
	}
	WO TutorialProps_Canister6 {
		pos 63.658577 -58.387306 -0.163738
		rot_x -0.681569 -0.731756 0
		rot_y 0.731756 -0.681569 0
		id 145
	}
	WO TutorialProps_Canister6 {
		pos 59.809551 -55.026638 -0.163738
		rot_x -0.681569 -0.731756 0
		rot_y 0.731756 -0.681569 0
		id 146
	}
	WO TutorialProps_Canister6 {
		pos 55.855026 -59.005512 -0.163738
		rot_x -0.681569 -0.731756 0
		rot_y 0.731756 -0.681569 0
		id 147
	}
	WO TutorialProps_Canister6 {
		pos 59.418625 -62.881794 -0.163738
		rot_x -0.681569 -0.731756 0
		rot_y 0.731756 -0.681569 0
		id 148
	}
	WO NesthornFortressProps_Debris4 {
		pos 57.026508 -61.393143 0.076262
		rot_x -0.681569 -0.731756 0
		rot_y 0.731756 -0.681569 0
		id 149
	}
	WO NesthornFortressProps_Debris4 {
		pos 57.776291 -62.151356 0.076262
		rot_x -0.681569 -0.731756 0
		rot_y 0.731756 -0.681569 0
		id 150
	}
	WO NesthornFortressProps_Debris4 {
		pos 56.253281 -60.714146 0.076262
		rot_x -0.681569 -0.731756 0
		rot_y 0.731756 -0.681569 0
		id 151
	}
}
combo pupplatform {
	pos -25.443375 -34.1777 0
	WO FortPadNeutral {
		pos -25.167494 -35.314404 0.68538
		rot_x -0.637508 0.770444 0
		rot_y -0.770444 -0.637508 0
		id 153
	}
	WO FortressPiece_Square {
		pos -24.806808 -35.159439 -0.018266
		rot_x -0.632179 0.774823 0
		rot_y -0.774823 -0.632179 0
		id 154
	}
	WO TutorialProps_Canister6 {
		pos -24.73428 -39.154346 -0.198159
		rot_x -0.632179 0.774823 0
		rot_y -0.774823 -0.632179 0
		id 155
	}
	WO TutorialProps_Canister6 {
		pos -20.880974 -35.798565 -0.198159
		rot_x -0.632179 0.774823 0
		rot_y -0.774823 -0.632179 0
		id 156
	}
	WO TutorialProps_Canister6 {
		pos -24.284615 -31.339291 -0.198159
		rot_x -0.632179 0.774823 0
		rot_y -0.774823 -0.632179 0
		id 157
	}
	WO TutorialProps_Canister6 {
		pos -28.609838 -34.342133 -0.198159
		rot_x -0.632179 0.774823 0
		rot_y -0.774823 -0.632179 0
		id 158
	}
	WO NesthornFortressProps_Debris4 {
		pos -26.809462 -32.174873 0.041841
		rot_x -0.632179 0.774823 0
		rot_y -0.774823 -0.632179 0
		id 159
	}
	WO NesthornFortressProps_Debris4 {
		pos -27.662699 -32.814533 0.041841
		rot_x -0.632179 0.774823 0
		rot_y -0.774823 -0.632179 0
		id 160
	}
	WO NesthornFortressProps_Debris4 {
		pos -26.031563 -31.501324 0.041841
		rot_x -0.632179 0.774823 0
		rot_y -0.774823 -0.632179 0
		id 161
	}
}
combo pupplatform {
	pos -46.05925 -64.231529 1.101137
}
combo greentuft {
	pos -43.489578 53.850964 0.003083
	WO CanyonPlantGrassQ {
		pos -44.655708 51.662128 0.033089
		rot_x -0.737986 -0.674818 0
		rot_y 0.674818 -0.737986 0
		id 163
	}
	WO CanyonPlantGrassN {
		pos -44.356537 52.970341 0.033084
		rot_x -0.737986 -0.674818 0
		rot_y 0.674818 -0.737986 0
		id 164
	}
	WO CanyonPlantBushB {
		pos -43.06366 54.520466 -0.146873
		rot_x -0.737986 -0.674818 0
		rot_y 0.674818 -0.737986 0
		id 165
	}
	WO CanyonPlantGrassW {
		pos -44.360504 54.283207 0.033034
		rot_x -0.737986 -0.674818 -0.000324
		rot_y 0.674818 -0.737986 0
		rot_z -0.000239 -0.000219 1
		id 166
	}
	WO CanyonPlantGrassX {
		pos -42.240868 55.393337 0.033083
		rot_x -0.737986 -0.674818 0
		rot_y 0.674818 -0.737986 0
		id 167
	}
	WO CanyonPlantGrassM {
		pos -42.25901 54.277225 0.033083
		rot_x -0.737986 -0.674818 0
		rot_y 0.674818 -0.737986 0
		id 168
	}
}
combo greentuft {
	pos -35.03315 52.577526 0.003083
	WO CanyonPlantGrassQ {
		pos -36.19928 50.388691 0.033089
		rot_x -0.737986 -0.674818 0
		rot_y 0.674818 -0.737986 0
		id 170
	}
	WO CanyonPlantGrassN {
		pos -35.900108 51.696903 0.033084
		rot_x -0.737986 -0.674818 0
		rot_y 0.674818 -0.737986 0
		id 171
	}
	WO CanyonPlantBushB {
		pos -34.607231 53.247028 -0.146873
		rot_x -0.737986 -0.674818 0
		rot_y 0.674818 -0.737986 0
		id 172
	}
	WO CanyonPlantGrassW {
		pos -35.904076 53.009769 0.033034
		rot_x -0.737986 -0.674818 -0.000324
		rot_y 0.674818 -0.737986 0
		rot_z -0.000239 -0.000219 1
		id 173
	}
	WO CanyonPlantGrassX {
		pos -33.784439 54.1199 0.033083
		rot_x -0.737986 -0.674818 0
		rot_y 0.674818 -0.737986 0
		id 174
	}
	WO CanyonPlantGrassM {
		pos -33.802582 53.003788 0.033083
		rot_x -0.737986 -0.674818 0
		rot_y 0.674818 -0.737986 0
		id 175
	}
}
combo greentuft {
	pos -41.630814 49.651207 0.003083
	WO CanyonPlantGrassQ {
		pos -42.796944 47.462372 0.033089
		rot_x -0.737986 -0.674818 0
		rot_y 0.674818 -0.737986 0
		id 177
	}
	WO CanyonPlantGrassN {
		pos -42.497772 48.770584 0.033084
		rot_x -0.737986 -0.674818 0
		rot_y 0.674818 -0.737986 0
		id 178
	}
	WO CanyonPlantBushB {
		pos -41.204895 50.320709 -0.146873
		rot_x -0.737986 -0.674818 0
		rot_y 0.674818 -0.737986 0
		id 179
	}
	WO CanyonPlantGrassW {
		pos -42.50174 50.08345 0.033034
		rot_x -0.737986 -0.674818 -0.000324
		rot_y 0.674818 -0.737986 0
		rot_z -0.000239 -0.000219 1
		id 180
	}
	WO CanyonPlantGrassX {
		pos -40.382103 51.193581 0.033083
		rot_x -0.737986 -0.674818 0
		rot_y 0.674818 -0.737986 0
		id 181
	}
	WO CanyonPlantGrassM {
		pos -40.400246 50.077469 0.033083
		rot_x -0.737986 -0.674818 0
		rot_y 0.674818 -0.737986 0
		id 182
	}
}
combo greentuft {
	pos -44.567299 59.469913 0.003083
	WO CanyonPlantGrassQ {
		pos -45.733429 57.281078 0.033089
		rot_x -0.737986 -0.674818 0
		rot_y 0.674818 -0.737986 0
		id 184
	}
	WO CanyonPlantGrassN {
		pos -45.434258 58.589291 0.033084
		rot_x -0.737986 -0.674818 0
		rot_y 0.674818 -0.737986 0
		id 185
	}
	WO CanyonPlantBushB {
		pos -44.14138 60.139416 -0.146873
		rot_x -0.737986 -0.674818 0
		rot_y 0.674818 -0.737986 0
		id 186
	}
	WO CanyonPlantGrassW {
		pos -45.438225 59.902157 0.033034
		rot_x -0.737986 -0.674818 -0.000324
		rot_y 0.674818 -0.737986 0
		rot_z -0.000239 -0.000219 1
		id 187
	}
	WO CanyonPlantGrassX {
		pos -43.318588 61.012287 0.033083
		rot_x -0.737986 -0.674818 0
		rot_y 0.674818 -0.737986 0
		id 188
	}
	WO CanyonPlantGrassM {
		pos -43.336731 59.896175 0.033083
		rot_x -0.737986 -0.674818 0
		rot_y 0.674818 -0.737986 0
		id 189
	}
}
combo greentuft {
	pos -51.748978 40.152012 0.003083
	WO CanyonPlantGrassQ {
		pos -52.915108 37.963177 0.033089
		rot_x -0.737986 -0.674818 0
		rot_y 0.674818 -0.737986 0
		id 191
	}
	WO CanyonPlantGrassN {
		pos -52.615936 39.271389 0.033084
		rot_x -0.737986 -0.674818 0
		rot_y 0.674818 -0.737986 0
		id 192
	}
	WO CanyonPlantBushB {
		pos -51.323059 40.821514 -0.146873
		rot_x -0.737986 -0.674818 0
		rot_y 0.674818 -0.737986 0
		id 193
	}
	WO CanyonPlantGrassW {
		pos -52.619904 40.584255 0.033034
		rot_x -0.737986 -0.674818 -0.000324
		rot_y 0.674818 -0.737986 0
		rot_z -0.000239 -0.000219 1
		id 194
	}
	WO CanyonPlantGrassX {
		pos -50.500267 41.694386 0.033083
		rot_x -0.737986 -0.674818 0
		rot_y 0.674818 -0.737986 0
		id 195
	}
	WO CanyonPlantGrassM {
		pos -50.51841 40.578274 0.033083
		rot_x -0.737986 -0.674818 0
		rot_y 0.674818 -0.737986 0
		id 196
	}
}
combo greentuft {
	pos -58.64053 43.387043 0.003083
	WO CanyonPlantGrassQ {
		pos -59.80666 41.198208 0.033089
		rot_x -0.737986 -0.674818 0
		rot_y 0.674818 -0.737986 0
		id 198
	}
	WO CanyonPlantGrassN {
		pos -59.507488 42.50642 0.033084
		rot_x -0.737986 -0.674818 0
		rot_y 0.674818 -0.737986 0
		id 199
	}
	WO CanyonPlantBushB {
		pos -58.214611 44.056545 -0.146873
		rot_x -0.737986 -0.674818 0
		rot_y 0.674818 -0.737986 0
		id 200
	}
	WO CanyonPlantGrassW {
		pos -59.511456 43.819286 0.033034
		rot_x -0.737986 -0.674818 -0.000324
		rot_y 0.674818 -0.737986 0
		rot_z -0.000239 -0.000219 1
		id 201
	}
	WO CanyonPlantGrassX {
		pos -57.391819 44.929417 0.033083
		rot_x -0.737986 -0.674818 0
		rot_y 0.674818 -0.737986 0
		id 202
	}
	WO CanyonPlantGrassM {
		pos -57.409962 43.813305 0.033083
		rot_x -0.737986 -0.674818 0
		rot_y 0.674818 -0.737986 0
		id 267
	}
}
combo greentuft {
	pos -58.375656 37.7901 0.003083
	WO CanyonPlantGrassQ {
		pos -59.541786 35.601265 0.033089
		rot_x -0.737986 -0.674818 0
		rot_y 0.674818 -0.737986 0
		id 274
	}
	WO CanyonPlantGrassN {
		pos -59.242615 36.909477 0.033084
		rot_x -0.737986 -0.674818 0
		rot_y 0.674818 -0.737986 0
		id 273
	}
	WO CanyonPlantBushB {
		pos -57.949738 38.459602 -0.146873
		rot_x -0.737986 -0.674818 0
		rot_y 0.674818 -0.737986 0
		id 272
	}
	WO CanyonPlantGrassW {
		pos -59.246582 38.222343 0.033034
		rot_x -0.737986 -0.674818 -0.000324
		rot_y 0.674818 -0.737986 0
		rot_z -0.000239 -0.000219 1
		id 208
	}
	WO CanyonPlantGrassX {
		pos -57.126945 39.332474 0.033083
		rot_x -0.737986 -0.674818 0
		rot_y 0.674818 -0.737986 0
		id 270
	}
	WO CanyonPlantGrassM {
		pos -57.145088 38.216362 0.033083
		rot_x -0.737986 -0.674818 0
		rot_y 0.674818 -0.737986 0
		id 210
	}
}
}
airmech {
	AILevel -1
	Player 0 {
		startLoc 29.747726 -30.298328 8.630002
		startLevel 0
		pilot dynamic 
		airmech dynamic 
		aiScript dynamic 
	}
	Player 1 {
		startLoc 35.976311 -29.479729 6.859999
		startLevel 0
		pilot dynamic 
		airmech dynamic 
		aiScript dynamic 
	}
	Player 2 {
		startLoc 28.363937 -35.924438 8.130001
		startLevel 0
		pilot dynamic 
		airmech dynamic 
		aiScript dynamic 
	}
	Player 3 {
		startLoc 29.528616 -23.910055 6.359999
		startLevel 0
		pilot dynamic 
		airmech dynamic 
		aiScript dynamic 
	}
	Player 4 {
		startLoc 23.977247 -29.558205 8.130001
		startLevel 0
		pilot dynamic 
		airmech dynamic 
		aiScript dynamic 
	}
	Player 5 {
		startLoc 27.012741 -27.551626 6.359999
		startLevel 0
		pilot dynamic 
		airmech dynamic 
		aiScript dynamic 
	}
}
DIR_LIGHT {
	pos 234.432999 576.376953 782.835022
	dir 0.234433 0.576377 0.782835
	diff 0.5 0.5 0.5
	amb 0.5 0.5 0.5
}
EventScripts {
	EVT continuous true {
		enabled 1
		Core {
			Continuous {
				delay 0.25
			}
		}
	}
}
ActionScripts {
	ACT defeat {
		triggerEvent continuous true
		Conditions {
			Fort {
				IsAlive {
					pickId 59
					affirm 0
				}
			}
		}
		Commands {
			Endgame {
				result 0
			}
		}
	}
	ACT victory {
		triggerEvent 
		Conditions {
		}
		Commands {
			Endgame {
				result 1
			}
		}
	}
}
ScriptVariables {
}
objects {
	WO Spiral_G2 {
		pos -40 -8 0
	}
	WO Spiral_G3 {
		pos -8 -64 0
		rot_x -1 0 0
		rot_y 0 -1 0
	}
	WO Spiral_H0 {
		pos -16 -56 0
		rot_x 0 -1 0
		rot_y 1 0 0
		. mtmm 5
	}
	WO Mountain_J0 {
		pos -40 -88 0
		. nsc
	}
	WO Mountain_J0 {
		pos -40 -96 0
		. nsc
	}
	WO Mountain_J0 {
		pos -40 -80 0
		. nsc
	}
	WO Mountain_J0 {
		pos -40 -40 0
		rot_x 0 1 0
		rot_y -1 0 0
		. mtmm 8
	}
	WO Spiral_G4 {
		pos -24 -56 0
		. mtmm 11
	}
	WO Mountain_J0 {
		pos -40 -32 0
		. mtmm 2
		. nsc
	}
	WO Boreal_A0 {
		pos 96 80 0
		. mtmm 13
	}
	WO Boreal_A0 {
		pos 96 72 0
		. mtmm 11
	}
	WO Boreal_A0 {
		pos 96 64 0
		. mtmm 14
	}
	WO Boreal_A0 {
		pos 96 56 0
		. mtmm 15
	}
	WO Boreal_A0 {
		pos 96 48 0
		. mtmm 15
	}
	WO Boreal_A0 {
		pos 96 40 0
		. mtmm 11
		. escc
	}
	WO Boreal_G0 {
		pos 56 96 -3
		rot_x 0 1 0
		rot_y -1 0 0
		. mtmm 10
	}
	WO Mountain_J0 {
		pos 96 24 0
		. nsc
	}
	WO Mountain_J0 {
		pos 96 16 0
		. nsc
	}
	WO Boreal_H0 {
		pos 96 -32 -3
		rot_x 0 -1 0
		rot_y 1 0 0
		. mtmm 10
	}
	WO Boreal_H0 {
		pos 96 -24 -3
		. mtmm 11
	}
	WO Boreal_F0 {
		pos 88 -8 -3
		rot_x -1 0 0
		rot_y 0 -1 0
		. mtmm 2
	}
	WO Boreal_F0 {
		pos 88 0 -3
		rot_x 0 1 0
		rot_y -1 0 0
		. mtmm 8
	}
	WO Boreal_H0 {
		pos 96 0 -3
		rot_x 0 -1 0
		rot_y 1 0 0
		. mtmm 14
	}
	WO Boreal_F0 {
		pos 96 8 -3
		rot_x 0 1 0
		rot_y -1 0 0
		. mtmm 8
	}
	WO Boreal_A0 {
		pos 96 -40 0
		. mtmm 14
	}
	WO Boreal_A0 {
		pos 96 -48 0
		. mtmm 15
	}
	WO Boreal_F0 {
		pos 88 -32 -3
		rot_x 0 1 0
		rot_y -1 0 0
	}
	WO Mountain_J0 {
		pos 96 -64 0
		. nsc
	}
	WO Mountain_J0 {
		pos 96 -72 0
		. nsc
	}
	WO Boreal_A0 {
		pos 88 96 0
		. mtmm 13
	}
	WO Boreal_A0 {
		pos 88 88 0
		. mtmm 15
	}
	WO Boreal_A0 {
		pos 88 80 0
		. mtmm 15
	}
	WO Boreal_A0 {
		pos 88 72 0
		. mtmm 7
		. escc
	}
	WO Boreal_A0 {
		pos 88 64 0
		. mtmm 13
		. escc
	}
	WO Boreal_H0 {
		pos 56 80 -3
		rot_x 0 -1 0
		rot_y 1 0 0
		. mtmm 14
	}
	WO Boreal_F0 {
		pos 48 72 -3
		rot_x -1 0 0
		rot_y 0 -1 0
		. mtmm 2
	}
	WO Boreal_F0 {
		pos 48 80 -3
		rot_x 0 1 0
		rot_y -1 0 0
		. mtmm 8
	}
	WO Boreal_G0 {
		pos 56 104 -3
		rot_x 0 1 0
		rot_y -1 0 0
		. mtmm 8
	}
	WO Mountain_J0 {
		pos 88 24 0
		. nsc
	}
	WO Mountain_J0 {
		pos 88 16 0
		. nsc
	}
	WO Mountain_J0 {
		pos 88 8 0
		. nsc
	}
	WO Boreal_H0 {
		pos 96 -8 -3
		. mtmm 11
	}
	WO Boreal_H0 {
		pos 96 -16 -3
		rot_x 0 -1 0
		rot_y 1 0 0
		. mtmm 14
	}
	WO Boreal_F0 {
		pos 88 -24 -3
		rot_x -1 0 0
		rot_y 0 -1 0
		. mtmm 2
	}
	WO Boreal_F0 {
		pos 88 -16 -3
		rot_x 0 1 0
		rot_y -1 0 0
		. mtmm 8
	}
	WO Boreal_G0 {
		pos 104 -56 -3
		rot_x -1 0 0
		rot_y 0 -1 0
		. mtmm 1
	}
	WO Boreal_G0 {
		pos 96 -56 -3
		rot_x -1 0 0
		rot_y 0 -1 0
		. mtmm 3
	}
	WO Boreal_G0 {
		pos 88 -56 -3
		rot_x -1 0 0
		rot_y 0 -1 0
		. mtmm 3
	}
	WO Boreal_H0 {
		pos 88 -48 -3
		rot_x 0 -1 0
		rot_y 1 0 0
		. mtmm 14
	}
	WO Mountain_J0 {
		pos 88 -64 0
		. nsc
	}
	WO Mountain_J0 {
		pos 88 -72 0
		. nsc
	}
	WO Mountain_J0 {
		pos 88 -80 0
		. nsc
	}
	WO Boreal_A0 {
		pos 80 96 0
		. mtmm 15
	}
	WO Boreal_A0 {
		pos 80 88 0
		. mtmm 15
	}
	WO Boreal_A0 {
		pos 80 80 0
		. mtmm 15
	}
	WO Boreal_A0 {
		pos 80 72 0
		. mtmm 11
		. escc
	}
	WO Boreal_G0 {
		pos 64 72 -3
		rot_x 0 -1 0
		rot_y 1 0 0
		. mtmm 1
	}
	WO Boreal_H0 {
		pos 56 72 -3
		. mtmm 3
	}
	WO Mountain_J0 {
		pos 80 48 0
		. nsc
	}
	WO Mountain_J0 {
		pos 80 40 0
		. nsc
	}
	WO Mountain_J0 {
		pos 80 32 0
		. nsc
	}
	WO Mountain_J0 {
		pos 80 24 0
		. nsc
	}
	WO Mountain_J0 {
		pos 80 16 0
		. nsc
	}
	WO Mountain_J0 {
		pos 80 8 0
		. nsc
	}
	WO Mountain_J0 {
		pos 80 0 0
		. nsc
	}
	WO Mountain_J0 {
		pos 80 -8 0
		. nsc
	}
	WO Boreal_F0 {
		pos -32 -72 -3
		rot_x 0 -1 0
		rot_y 1 0 0
		. mtmm 1
	}
	WO Boreal_G0 {
		pos -48 -72 -3
		rot_x -1 0 0
		rot_y 0 -1 0
		. mtmm 2
	}
	WO Boreal_G0 {
		pos -40 -48 -3
		. mtmm 14
	}
	WO Boreal_F0 {
		pos -32 -40 -3
		rot_x -1 0 0
		rot_y 0 -1 0
		. mtmm 6
	}
	WO Boreal_F0 {
		pos 80 -56 -3
		rot_x -1 0 0
		rot_y 0 -1 0
		. mtmm 7
	}
	WO Boreal_F0 {
		pos 80 -48 -3
		rot_x 0 1 0
		rot_y -1 0 0
		. mtmm 13
	}
	WO Mountain_J0 {
		pos 80 -64 0
		. mtmm 1
		. nsc
	}
	WO Mountain_J0 {
		pos 80 -72 0
		. nsc
	}
	WO Mountain_J0 {
		pos 80 -80 0
		. nsc
	}
	WO Mountain_J0 {
		pos 80 -88 0
		. nsc
	}
	WO Boreal_A0 {
		pos 72 96 0
		. mtmm 15
	}
	WO Boreal_A0 {
		pos 72 88 0
		. mtmm 15
		. escc
	}
	WO Boreal_G0 {
		pos 72 72 -3
		rot_x 0 1 0
		rot_y -1 0 0
		. mtmm 2
	}
	WO Boreal_H0 {
		pos 72 80 -3
		. mtmm 11
	}
	WO Boreal_H0 {
		pos 64 80 -3
		rot_x 0 1 0
		rot_y -1 0 0
		. mtmm 7
	}
	WO Spiral_G4 {
		pos -32 -8 0
	}
	WO Spiral_G2 {
		pos -16 -64 0
		rot_x -1 0 0
		rot_y 0 -1 0
		. mtmm 5
	}
	WO Boreal_G0 {
		pos -40 -72 -3
		rot_x -1 0 0
		rot_y 0 -1 0
		. mtmm 3
	}
	WO Mountain_J0 {
		pos 72 24 0
		. nsc
	}
	WO Boreal_F0 {
		pos -24 -48 -3
		rot_x -1 0 0
		rot_y 0 -1 0
		. mtmm 14
	}
	WO Boreal_G0 {
		pos -32 -32 -3
		rot_x 0 1 0
		rot_y -1 0 0
		. mtmm 11
	}
	WO Boreal_F0 {
		pos -24 0 -3
		rot_x -1 0 0
		rot_y 0 -1 0
		. mtmm 2
	}
	WO Mountain_J0 {
		pos 72 -8 0
		rot_x 0 -1 0
		rot_y 1 0 0
		. nsc
	}
	WO Mountain_J0 {
		pos 72 0 0
		rot_x 0 -1 0
		rot_y 1 0 0
		. nsc
	}
	WO Spiral_G4 {
		pos -48 0 0
		rot_x 0 -1 0
		rot_y 1 0 0
	}
	WO Boreal_A0 {
		pos -48 -56 0
		. mtmm 10
	}
	WO Boreal_A0 {
		pos -40 -64 0
		. mtmm 13
	}
	WO Boreal_H0 {
		pos -48 -48 -3
		rot_x -1 0 0
		rot_y 0 -1 0
		. mtmm 8
	}
	WO Spiral_G3 {
		pos -48 -40 0
		rot_x 0 -1 0
		rot_y 1 0 0
		. mtmm 1
	}
	WO Spiral_H0 {
		pos -48 8 0
		rot_x 0 1 0
		rot_y -1 0 0
	}
	WO Boreal_F0 {
		pos -32 -24 -3
		rot_x 0 1 0
		rot_y -1 0 0
		. mtmm 14
	}
	WO Mountain_J0 {
		pos 72 -72 0
		rot_x 0 -1 0
		rot_y 1 0 0
		. nsc
	}
	WO Mountain_J0 {
		pos 72 -80 0
		. nsc
	}
	WO Mountain_J0 {
		pos 72 -88 0
		. nsc
	}
	WO Mountain_J0 {
		pos 72 -96 0
		. nsc
	}
	WO Boreal_A0 {
		pos 64 96 0
		. mtmm 15
	}
	WO Boreal_A0 {
		pos 64 88 0
		. mtmm 15
		. escc
	}
	WO Boreal_F0 {
		pos 72 64 -3
		rot_x -1 0 0
		rot_y 0 -1 0
	}
	WO Boreal_H0 {
		pos 80 64 -3
		. mtmm 10
	}
	WO Boreal_F0 {
		pos 56 64 -3
		rot_x -1 0 0
		rot_y 0 -1 0
	}
	WO Boreal_H0 {
		pos -24 8 -3
		. mtmm 10
	}
	WO Boreal_A0 {
		pos -40 -56 0
		. mtmm 7
	}
	WO Boreal_A0 {
		pos -24 -32 0
		rot_x 0 1 0
		rot_y -1 0 0
		. mtmm 13
		. escc
	}
	WO Boreal_H1 {
		pos -32 -64 -3
		rot_x 0 1 0
		rot_y -1 0 0
		. mtmm 4
	}
	WO Spiral_G3 {
		pos 64 0 0
		rot_x 0 -1 0
		rot_y 1 0 0
	}
	WO Spiral_G1 {
		pos -48 -32 0
		. mtmm 4
	}
	WO Boreal_A0 {
		pos -24 16 0
		rot_x 0 -1 0
		rot_y 1 0 0
		. mtmm 11
	}
	WO Spiral_G3 {
		pos 64 -8 0
		rot_x 0 -1 0
		rot_y 1 0 0
	}
	WO Boreal_H0 {
		pos -32 -56 -3
		rot_x -1 0 0
		rot_y 0 -1 0
		. mtmm 3
	}
	WO Spiral_F0 {
		pos -48 -24 0
	}
	WO Boreal_A0 {
		pos -16 -40 0
		. mtmm 13
		. escc
	}
	WO Boreal_A0 {
		pos -16 -32 0
		rot_x 0 1 0
		rot_y -1 0 0
		. mtmm 6
		. escc
	}
	WO Boreal_A0 {
		pos 24 -72 0
		. mtmm 9
	}
	WO Spiral_F0 {
		pos -56 16 0
		rot_x 0 1 0
		rot_y -1 0 0
		. mtmm 1
	}
	WO Spiral_G4 {
		pos -56 -40 0
		rot_x 0 1 0
		rot_y -1 0 0
		. mtmm 2
	}
	WO Boreal_H0 {
		pos -24 -40 -3
		. mtmm 11
	}
	WO Spiral_G2 {
		pos 8 32 0
		rot_x 0 1 0
		rot_y -1 0 0
	}
	WO Mountain_J0 {
		pos 64 -80 0
		. nsc
	}
	WO Mountain_J0 {
		pos 64 -88 0
		. nsc
	}
	WO Mountain_J0 {
		pos 64 -96 0
		. nsc
	}
	WO Boreal_G0 {
		pos 96 32 -3
		rot_x -1 0 0
		rot_y 0 -1 0
		. mtmm 2
	}
	WO Boreal_F0 {
		pos 88 32 -3
		rot_x -1 0 0
		rot_y 0 -1 0
	}
	WO Boreal_H0 {
		pos 88 56 -3
		. mtmm 11
	}
	WO Boreal_F0 {
		pos 80 56 -3
		rot_x -1 0 0
		rot_y 0 -1 0
		. mtmm 2
	}
	WO Boreal_F0 {
		pos 64 64 -3
		rot_x 0 -1 0
		rot_y 1 0 0
	}
	WO Mountain_J0 {
		pos 72 16 0
		. nsc
	}
	WO Boreal_A0 {
		pos 24 -64 0
		rot_x 0 1 0
		rot_y -1 0 0
		. mtmm 7
	}
	WO Boreal_A0 {
		pos 32 -72 0
		. mtmm 6
	}
	WO Boreal_H0 {
		pos -16 -24 -3
		rot_x -1 0 0
		rot_y 0 -1 0
		. mtmm 10
	}
	WO Boreal_G0 {
		pos -8 0 -3
		rot_x -1 0 0
		rot_y 0 -1 0
		. mtmm 1
	}
	WO Boreal_H0 {
		pos -24 -24 -3
		rot_x 0 -1 0
		rot_y 1 0 0
		. mtmm 5
	}
	WO Spiral_H0 {
		pos -56 -32 0
		. mtmm 8
	}
	WO Spiral_G3 {
		pos 56 -8 0
		rot_x 0 1 0
		rot_y -1 0 0
	}
	WO Spiral_G3 {
		pos 56 0 0
		rot_x 0 1 0
		rot_y -1 0 0
	}
	WO Spiral_G4 {
		pos 8 40 0
		rot_x 0 1 0
		rot_y -1 0 0
	}
	WO Spiral_G0 {
		pos -56 -24 0
	}
	WO Boreal_G1 {
		pos 32 -56 -3
		. mtmm 4
	}
	WO Boreal_H0 {
		pos -16 -48 -3
		. mtmm 7
	}
	WO Spiral_G1 {
		pos 16 48 0
	}
	WO Boreal_A0 {
		pos 32 -64 0
		. mtmm 9
	}
	WO Boreal_H0 {
		pos 24 16 -3
		. mtmm 9
	}
	WO Boreal_G0 {
		pos -8 -24 -3
		. mtmm 7
	}
	WO Mountain_J0 {
		pos 56 -80 0
		. nsc
	}
	WO Mountain_J0 {
		pos 56 -88 0
		. nsc
	}
	WO Mountain_J0 {
		pos 56 -96 0
		. nsc
	}
	WO Mountain_J0 {
		pos 48 96 0
		. nsc
	}
	WO Mountain_J0 {
		pos 48 88 0
		. nsc
	}
	WO Boreal_G0 {
		pos 88 40 -3
		rot_x 0 1 0
		rot_y -1 0 0
		. mtmm 2
	}
	WO Boreal_G0 {
		pos 88 48 -3
		rot_x 0 1 0
		rot_y -1 0 0
		. mtmm 10
	}
	WO Mountain_J0 {
		pos 48 64 0
		. nsc
	}
	WO Boreal_F0 {
		pos 0 0 -3
		rot_x 0 -1 0
		rot_y 1 0 0
	}
	WO Boreal_H0 {
		pos 24 -56 -3
		rot_x -1 0 0
		rot_y 0 -1 0
		. mtmm 12
	}
	WO Boreal_G0 {
		pos -16 0 -3
		rot_x -1 0 0
		rot_y 0 -1 0
