combo conduitcomplex {
pos 20.9431 4.167291 -4.392534
WO TutorialProps_Canister1 {
pos 31.017282 2.793817 -1.005869
rot_x 0.87339 0 -0.487021
rot_y 0 1 0
rot_z 0.487021 0 0.87339
scl 5
id 969
}
WO TutorialProps_Canister1 {
pos 31.008894 5.307565 -1.005869
rot_x 0.87339 0 -0.487021
rot_y 0 1 0
rot_z 0.487021 0 0.87339
scl 5
id 961
}
WO TutorialProps_Transport {
pos 27.88652 4.042032 -1.416949
rot_x 0.020772 0.999784 0
rot_y -0.999784 0.020772 0
scl 2.319999
id 971
}
WO TutorialProps_Transport {
pos 22.122974 4.032194 -1.416949
rot_x 0.020772 0.999784 0
rot_y -0.999784 0.020772 0
scl 2.319999
id 960
}
WO TutorialProps_Canister2 {
pos 27.00861 3.717309 2.469998
rot_x 1 0 0
rot_y 0 1 0
rot_z 0 0 1
scl 3.139998
id 959
}
WO TutorialProps_Canister2 {
pos 24.540134 3.945548 2.469998
rot_x 1 0 0
rot_y 0 1 0
rot_z 0 0 1
scl 3.139998
id 958
}
WO TutorialProps_Canister2 {
pos 22.194962 4.10477 2.469998
rot_x 1 0 0
rot_y 0 1 0
rot_z 0 0 1
scl 3.139998
id 972
}
WO NesthornFortressProps_Debris4 {
pos 20.530859 4.101166 0.941229
rot_x -0.019513 0.99981 0
rot_y -0.999779 -0.019512 0.00787
rot_z 0.007868 0.000154 0.999969
scl 2.939999
id 973
}
WO FortressPiece_Pipe4 {
pos 21.922054 6.392546 -8.901691
rot_x 1 0 0
rot_y 0 1 0.000651
rot_z 0 -0.000651 1
scl 2.479999
id 974
}
WO SaltLight {
pos 17.984982 1.418402 -8.659621
rot_x 0.999895 -0.000169 0.014473
rot_y 0 0.999932 0.011651
rot_z -0.014474 -0.01165 0.999827
scl 1.7
id 975
}
WO SaltLight {
pos 16.81654 1.417299 -8.659621
rot_x 0.999895 -0.000169 0.014473
rot_y 0 0.999932 0.011651
rot_z -0.014474 -0.01165 0.999827
scl 1.7
id 964
}
WO SaltLight {
pos 15.761996 1.359658 -8.659621
rot_x 0.999895 -0.000169 0.014473
rot_y 0 0.999932 0.011651
rot_z -0.014474 -0.01165 0.999827
scl 1.7
id 966
}
WO SaltLight {
pos 14.623734 1.397976 -8.659621
rot_x 0.999895 -0.000169 0.014473
rot_y 0 0.999932 0.011651
rot_z -0.014474 -0.01165 0.999827
scl 1.7
id 968
}
WO SaltLight {
pos 13.980208 6.703056 -8.659621
rot_x -0.994128 -0.10724 0.014473
rot_y 0.107411 -0.994146 0.011651
rot_z 0.013139 0.013137 0.999827
scl 1.7
id 967
}
WO SaltLight {
pos 15.11847 6.664739 -8.659621
rot_x -0.994128 -0.10724 0.014473
rot_y 0.107411 -0.994146 0.011651
rot_z 0.013139 0.013137 0.999827
scl 1.7
id 965
}
WO SaltLight {
pos 16.173016 6.72238 -8.659621
rot_x -0.994128 -0.10724 0.014473
rot_y 0.107411 -0.994146 0.011651
rot_z 0.013139 0.013137 0.999827
scl 1.7
id 963
}
WO SaltLight {
pos 17.341457 6.723482 -8.659621
rot_x -0.994128 -0.10724 0.014473
rot_y 0.107411 -0.994146 0.011651
rot_z 0.013139 0.013137 0.999827
scl 1.7
id 962
}
}
