combo denevboulders {
pos -94.005684 75.291748 -0.036472
WO SpiralProps_Rocks6 {
pos -84.829941 84.476425 -1.190007
rot_x -0.64267 0.739432 -0.200538
rot_y -0.748527 -0.661809 -0.041424
rot_z -0.163348 0.123486 0.97881
scl 1.600002
id 5
}
WO SpiralProps_Rocks15 {
pos -93.424408 85.15126 -3.597634
rot_x -0.420392 0.895916 0.143549
rot_y -0.9065 -0.421527 -0.023915
rot_z 0.039083 -0.140181 0.989354
scl 1.26
id 10
}
WO SpiralProps_Rocks12 {
pos -98.367241 75.61586 10.289991
rot_x -0.882501 -0.026003 -0.46959
rot_y 0.001089 -0.998581 0.053249
rot_z -0.470308 0.046481 0.881277
scl 1.029997 1.029997 2.129996
id 12
}
WO SpiralProps_Rocks15 {
pos -89.247162 71.575706 -2.907634
rot_x 0.955765 -0.145424 0.255665
rot_y 0.103974 0.980147 0.16882
rot_z -0.27514 -0.134769 0.951911
scl 1.26
id 15
}
WO SpiralProps_Rocks6 {
pos -96.202927 70.193962 -0.950007
rot_x 0.971194 -0.223054 0.083845
rot_y 0.222227 0.974806 0.019185
rot_z -0.086012 0 0.996294
scl 1.750002
id 26
}
WO SpiralProps_Rocks6 {
pos -99.44207 72.604347 -0.950007
rot_x -0.979325 0.202293 0
rot_y -0.202293 -0.979325 0
scl 1.600002
id 27
}
WO SpiralProps_Rocks6 {
pos -96.526001 67.42466 -0.950007
rot_x 0.971194 -0.223054 0.083845
rot_y 0.222227 0.974806 0.019185
rot_z -0.086012 0 0.996294
scl 1.340003
id 28
}
}
