combo junktorso {
pos -26.730869 0.252383 -1.191383
WO SandrimProps_Lightpost {
pos -26.102306 -2.003862 -2.9
rot_x -0.999986 -0.005293 0
rot_y 0.005293 -0.999986 0
rot_z 0 0 1
id 3720
}
WO SandrimProps_Lightpost {
pos -26.329433 -1.989745 -2.9
rot_x -0.999986 -0.005293 0
rot_y 0.005293 -0.999986 0
rot_z 0 0 1
id 3727
}
WO SandrimProps_Lightpost {
pos -26.705469 -2.017962 -2.9
rot_x -0.999986 -0.005293 0
rot_y 0.005293 -0.999986 0
rot_z 0 0 1
id 3713
}
WO Container1 {
pos -27.449108 -0.892545 -0.91454
rot_x 0.605839 -0.04041 -0.79456
rot_y 0.024502 0.999183 -0.032135
rot_z 0.79521 0 0.606335
scl 1.3
id 3702
}
WO FortressPiece_Pipe5 {
pos -26.03616 -1.319386 0.820001
rot_x 0.897317 -0.08078 0.433932
rot_y -0.074339 0.941408 0.328974
rot_z -0.435082 -0.327452 0.838736
scl 0.36
id 3696
}
WO SandrimProps_Crane1 {
pos -26.415997 -0.774561 -0.270157
scl 0.54
id 3728
}
WO SandrimProps_Container {
pos -27.509386 0.225544 0.917729
rot_x 0.803072 0.018263 0.595603
rot_y -0.014669 0.999833 -0.010879
rot_z -0.595702 0 0.803206
scl 0.34
id 3729
}
WO Container1 {
pos -27.675539 0.209892 0.615455
rot_x 0.509695 0 -0.860355
rot_z 0.860355 0 0.509695
id 3730
}
WO Container1 {
pos -27.772902 0.142566 -0.91454
rot_x 0.605839 -0.04041 -0.79456
rot_y 0.024502 0.999183 -0.032135
rot_z 0.79521 0 0.606335
scl 1.709999
id 3731
}
WO FortressPiece_Pipe5 {
pos -26.005838 1.51654 0.820001
rot_x 0.951543 0.047781 0.303782
rot_y 0.138881 -0.948145 -0.28589
rot_z 0.274369 0.314226 -0.908837
scl 0.36
id 3724
}
WO SandrimProps_Crane1 {
pos -26.402912 1.057299 -0.270157
scl 0.54
id 3725
}
WO Container1 {
pos -27.283024 1.428062 -1.274543
rot_x 0.682921 -0.07131 -0.727003
rot_y 0.048823 0.997454 -0.051975
rot_z 0.728858 0 0.684664
id 3732
}
WO SandrimProps_Lightpost {
pos -26.148212 2.734629 -2.9
rot_x 0.992241 -0.124331 0
rot_y 0.124331 0.992241 0
rot_z 0 0 1
id 3721
}
WO SandrimProps_Lightpost {
pos -26.751375 2.720529 -2.9
rot_x 0.993524 0.113619 0
rot_y -0.113619 0.993524 0
rot_z 0 0 1
id 3723
}
WO SandrimProps_Lightpost {
pos -26.37534 2.748746 -2.9
rot_x 0.999151 -0.0412 0
rot_y 0.0412 0.999151 0
rot_z 0 0 1
id 3722
}
}
