combo junktangle2 {
pos -103.34008 -43.643509 0.250551
WO TreeDeadC {
pos -100.681114 -43.077465 0.100119
rot_x 1 0 0.000011
rot_y 0 1 0
rot_z -0.000011 0 1
id 3810
}
WO Crate4 {
pos -100.66803 -42.171707 0.000011
rot_x 0.794818 0.606848 0
rot_y -0.606848 0.794818 0
id 3812
}
WO ChasmProps_Silo {
pos -104.058502 -42.308212 -0.727205
rot_x 0.001351 0.842172 -0.539208
rot_y -0.619313 0.424061 0.660775
rot_z 0.785143 0.333046 0.522141
scl 0.55
id 3813
}
WO SimpleProps_OldContainer {
pos -102.534637 -42.478703 -0.223914
rot_x 0.740774 -0.507904 0.439646
rot_y 0.436772 0.861414 0.259222
rot_z -0.510377 0 0.859951
id 3814
}
WO Fence_Large {
pos -101.779488 -45.478905 1.569999
rot_x -0.662256 0.025828 0.748832
rot_y 0.726688 0.265691 0.633508
rot_z -0.182596 0.963712 -0.194725
id 3815
}
WO NesthornFortressProps_Debris7 {
pos -101.967674 -45.718449 0.100021
rot_x 1 0 0
rot_y 0 1 0
rot_z 0 0 1
id 3816
}
WO CraterProps_Blockade1 {
pos -104.081253 -44.09013 0.100001
rot_y 0 1 0
rot_z 0 0 1
id 3817
}
WO SimpleProps_TelephonePole {
pos -102.864296 -43.640717 0.100002
rot_x 0 1 0
rot_y -0.904837 0 -0.425757
rot_z -0.425757 0 0.904837
id 3809
}
WO IronHand_ArmorPlate {
pos -103.527634 -42.489071 0.61
rot_x 0.144426 0.649979 -0.746102
rot_y 0.727788 0.441083 0.525138
rot_z 0.670422 -0.618848 -0.409343
scl 0.28
id 3818
}
WO FortressPiece_TrainTrackTurn1 {
pos -105.604836 -42.027927 0.1
rot_x 0.971266 0.126937 -0.201318
rot_y -0.026188 0.897754 0.439717
rot_z 0.236551 -0.42181 0.875283
id 3819
}
WO CraterProps_Cloth1 {
pos -105.398605 -42.874535 0.1
id 3820
}
WO SimpleProps_BarrierTurn2 {
pos -101.919655 -42.284718 0.1
rot_x -0.802832 0 0.596206
rot_z -0.596206 0 -0.802832
scl 0.64
id 3821
}
WO Fence_MediumD3 {
pos -105.322243 -45.658318 0.100012
rot_x 1 0 0
rot_z 0 0 1
id 3822
}
WO FortPadCablesC {
pos -104.454094 -45.018822 0.100023
rot_x 1 0 0
rot_z 0 0 1
scl 0.86
id 3823
}
WO Fence_LargeD3Alt {
pos -106.17408 -45.407333 1.029999
rot_x 0.042293 -0.998113 -0.044519
rot_y 0.687449 0.061406 -0.723632
rot_z 0.725 0 0.688749
scl 1.4
id 3824
}
WO FortressPiece_Pipe3 {
pos -102.023727 -44.364574 1.000299
rot_x 1 0 -0.000038
rot_z 0.000038 0 1
scl 0.59
id 3825
}
WO SimpleProps_TelephonePole {
pos -103.72155 -42.850075 0.100002
rot_y 0 1 0
rot_z 0 0 1
id 3826
}
}
