combo junkarm {
pos -34.436459 2.702459 0.276935
WO TutorialProps_Canister6 {
pos -35.599327 5.672832 -0.08
rot_x 0.489928 0.817207 -0.303551
rot_y -0.857676 0.51419 0
rot_z 0.156083 0.260349 0.952815
scl 1.48 1.48 1.09
id 3712
}
WO TutorialProps_Vent {
pos -35.407776 4.793033 0.370003
rot_x 0.828862 0.559453 0
rot_y -0.559453 0.828862 0
rot_z 0 0 1
scl 0.37
id 3711
}
WO Container1 {
pos -35.639076 5.360036 0.465472
rot_x -0.127632 0.078336 -0.988723
rot_y 0.955591 -0.257263 -0.143738
rot_z -0.265621 -0.963161 -0.042022
scl 0.5 0.5 0.97
id 3710
}
WO TutorialProps_Vent {
pos -35.693035 2.78547 0.460003
rot_x 0.828862 0.559453 0
rot_y -0.559453 0.828862 0
rot_z 0 0 1
scl 0.37
id 3716
}
WO TutorialProps_Transport {
pos -35.469772 3.203773 0.739999
rot_x 0.651686 0.758488 0
rot_y -0.758488 0.651686 0
scl 0.47
id 3717
}
WO Container1 {
pos -35.719429 3.523662 0.465472
rot_x 0.652788 0.74743 -0.123355
rot_y 0.104554 0.072383 0.991882
rot_z 0.750291 -0.660386 -0.030896
scl 0.5 0.5 0.97
id 3718
}
WO TutorialProps_Canister6 {
pos -34.305782 2.237537 0.31
rot_x 0.969844 0.098329 -0.223011
rot_y -0.095828 0.995154 0.022035
rot_z 0.224097 0 0.974567
scl 1 1 0.68
id 3694
}
WO TutorialProps_Transport {
pos -33.815132 1.793156 -0.04
rot_x -0.728625 0.684913 0
rot_y -0.684913 -0.728625 0
scl 0.37 0.37 0.67
id 3695
}
WO TutorialProps_Vent {
pos -33.638912 1.299728 0.220003
rot_x 0.817279 0.576242 0
rot_y -0.576242 0.817279 0
rot_z 0 0 1
scl 0.2
id 3699
}
WO TutorialProps_Transport {
pos -33.503761 1.10428 0.2
rot_x -0.831995 -0.553149 -0.042539
rot_y 0.554762 -0.830173 -0.055249
rot_z -0.004753 -0.069566 0.997566
scl 0.15 0.15 0.45
id 3709
}
WO TutorialProps_Vent {
pos -33.245235 1.523254 0.460003
rot_x 0.639959 0.768409 0
rot_y -0.768409 0.639959 0
rot_z 0 0 1
scl 0.2
id 3697
}
WO TutorialProps_Transport {
pos -33.064072 1.439877 0.2
rot_x -0.633739 -0.772376 -0.042539
rot_y 0.773385 -0.631524 -0.055249
rot_z 0.015809 -0.067912 0.997566
scl 0.15 0.15 0.45
id 3701
}
WO TutorialProps_Vent {
pos -33.354347 1.31712 0.460003
rot_x 0.718279 0.695756 0
rot_y -0.695756 0.718279 0
rot_z 0 0 1
scl 0.2
id 3698
}
WO TutorialProps_Transport {
pos -33.193325 1.159405 0.2
rot_x -0.72154 -0.691065 -0.042539
rot_y 0.692331 -0.719462 -0.055249
rot_z 0.007576 -0.069315 0.997566
scl 0.15 0.15 0.45
id 3714
}
WO TutorialProps_Transport {
pos -33.243008 2.264592 -0.1
rot_x -0.58072 0.792352 0.186927
rot_y -0.754241 -0.610064 0.242781
rot_z 0.306405 0 0.951901
scl 0.15 0.15 0.45
id 3700
}
WO TutorialProps_Canister6 {
pos -36.091351 3.761594 0.1
id 3719
}
}
