combo junktangle {
pos 13.053011 8.995214 -2.764077
WO Fence_LargeD2 {
pos 11.006378 9.921457 -2.818547
rot_x -0.104399 0.526029 0.844035
rot_y -0.042719 -0.850261 0.524625
rot_z 0.993618 0.018714 0.111238
id 3751
}
WO Fence_MediumD3 {
pos 13.767349 9.579598 -3.109998
rot_x 0.029924 0.622831 0.781784
rot_y -0.998848 0.04799 0
rot_z -0.037518 -0.780883 0.62355
id 3749
}
WO Fence_MediumD3Alt {
pos 13.735518 7.633551 -1.85
rot_x 0.971547 0.220999 -0.085177
rot_y -0.091008 0.016319 -0.995716
rot_z -0.218663 0.975137 0.035968
id 3753
}
WO Fence_DoorD3 {
pos 12.618068 8.925173 -2.9
rot_x -0.151217 -0.066167 0.986284
rot_y 0.834012 -0.544129 0.091366
rot_z 0.53062 0.836388 0.137466
id 3754
}
WO Fence_MediumD3 {
pos 13.631868 9.34402 -3.109998
rot_x 0.62355 0 0.781784
rot_y 0 1 0
rot_z -0.781784 0 0.62355
id 3755
}
WO TutorialProps_Vent {
pos 13.856709 8.954519 -2.9
id 3756
}
WO TutorialProps_Vent {
pos 12.755175 8.608175 -2.66
rot_x 0.274199 -0.95937 -0.066507
rot_y 0.932337 0.282149 -0.226138
rot_z 0.235715 0 0.971822
id 3750
}
}
