combo keeptuft {
pos 56.340157 -58.887833 0.384667
WO CanyonPlantGrassV {
pos 55.458496 -59.367367 0.495541
rot_x -0.879525 -0.475852 0
rot_y 0.47581 -0.879448 0.013292
rot_z -0.006325 0.011691 0.999912
id 460
}
WO CanyonPlantGrassX {
pos 56.98373 -59.375198 0.124421
rot_x -0.822015 -0.569466 0
rot_y 0.569415 -0.821943 0.013292
rot_z -0.007569 0.010926 0.999912
id 462
}
WO CanyonPlantGrassU {
pos 56.764282 -57.66716 0.799133
rot_x -0.891025 -0.453953 0
rot_y 0.453913 -0.890947 0.013292
rot_z -0.006034 0.011844 0.999912
id 463
}
WO CanyonPlantGrassM {
pos 56.154121 -59.141609 0.119572
rot_x -0.650817 -0.759235 0
rot_y 0.759168 -0.650759 0.013292
rot_z -0.010092 0.008651 0.999912
id 464
}
}
