combo pipeswreck {
pos 91.71476 -57.325768 3.256361
WO SimpleProps_SpeedBump {
pos 89.7229 -56.669453 2.948861
rot_x 0.990223 -0.139492 -0.000241
rot_y 0.139492 0.990223 0.000324
rot_z 0.000194 -0.000354 1
scl 1.35
id 23
}
WO SimpleProps_SpeedBump {
pos 91.104408 -57.101967 3.458861
rot_x 0.901528 -0.364015 0.233966
rot_y 0.344269 0.930932 0.121837
rot_z -0.262157 -0.029292 0.964581
scl 1.11
id 142
}
WO SimpleProps_SpeedBump {
pos 92.583511 -57.081268 3.458861
rot_x 0.856228 -0.46058 0.233966
rot_y 0.444173 0.887618 0.121837
rot_z -0.263788 -0.000399 0.964581
scl 1.35
id 145
}
WO SimpleProps_SpeedBump {
pos 93.448204 -58.450386 3.158861
rot_x 0.616688 -0.766643 0.178757
rot_y 0.736162 0.642073 0.214026
rot_z -0.278857 -0.000393 0.960333
scl 1.35
id 155
}
}
