combo refinerylarge {
pos -17.235052 -121.340668 0.078288
WO FortressPiece_Pipe2 {
pos -13.481114 -130.418518 -0.530001
rot_x 0.99988 0 -0.015517
rot_z 0.015517 0 0.99988
scl 0.81
id 2595
}
WO BarrelSmokey {
pos -10.163854 -127.589729 -0.000628
scl 2.039999
id 2597
}
WO FortressPiece_3 {
pos -7.251793 -126.814392 -0.105715
id 2598
}
WO SimpleProps_Fence1 {
pos -7.638855 -122.715103 0.100002
id 2599
}
WO FortressPiece_Pipe5 {
pos -6.92696 -120.723312 1.027568
rot_x -0.03635 0.99897 0.027169
rot_y 0.039661 -0.025723 0.998882
rot_z 0.998552 0.037387 -0.038685
id 2600
}
WO BarrelSmokey {
pos -6.040844 -115.954529 -0.000628
scl 2.039999
id 2601
}
WO SimpleProps_Building3 {
pos -10.052433 -116.270638 -0.537123
id 2602
}
WO FortressPiece_Pipe5 {
pos -12.683909 -110.806175 1.027568
rot_x -0.068278 0.997296 0.027169
rot_y 0.040463 -0.024442 0.998882
rot_z 0.996846 0.069301 -0.038685
id 2603
}
WO SandrimProps_Crane1 {
pos -16.813644 -110.52137 0
id 2604
}
WO SandrimProps_Canisters {
pos -19.824142 -108.000031 0.000024
id 2605
}
WO SimpleProps_Fence1 {
pos -20.241505 -116.581673 0.100003
rot_x -0.999047 -0.043637 0
rot_y 0.043637 -0.999047 0
rot_z 0 0 1
id 2606
}
WO Container7 {
pos -20.386133 -113.001167 1.559998
rot_x 0.946443 -0.32287 0
rot_y 0.32287 0.946443 0
id 2607
}
WO Container7 {
pos -21.328564 -113.173645 0
id 2608
}
WO Container7 {
pos -19.352238 -113.035126 0
id 2609
}
WO FortPadCablesA {
pos -19.721066 -116.625549 0.01
rot_x 0.463928 0.885873 0
rot_y -0.885873 0.463928 0
id 2610
}
WO BarrelSmokey {
pos -21.525307 -116.823143 -0.000628
scl 2.039999
id 2611
}
WO BarrelSmokey {
pos -21.43873 -119.373024 -0.000628
scl 2.039999
id 2612
}
WO SimpleProps_Tower1 {
pos -15.313264 -124.000175 0
id 2613
}
WO SimpleProps_Tower2 {
pos -15.034168 -120.681198 -0.703544
id 2614
}
WO SimpleProps_Tower2 {
pos -15.451408 -127.51355 -0.703544
id 2615
}
WO SimpleProps_Barrel {
pos -21.185251 -129.875366 0
id 2616
}
WO SimpleProps_Barrel {
pos -21.205114 -128.778931 0
id 2617
}
WO SimpleProps_Barrel {
pos -21.22817 -127.631546 0
id 2618
}
WO SimpleProps_Barrel {
pos -21.279425 -126.459251 0
id 2619
}
WO SimpleProps_Barrel {
pos -22.39439 -125.852127 0
id 2620
}
WO SimpleProps_Barrel {
pos -22.343136 -127.024422 0
id 2621
}
WO SimpleProps_Barrel {
pos -22.32008 -128.171768 0
id 2622
}
WO SimpleProps_Barrel {
pos -22.300217 -129.268219 0
id 2623
}
WO FortressPiece_Pipe5 {
pos -24.890795 -125.195442 1.027568
rot_x -0.998833 -0.028373 -0.03909
rot_y -0.03997 0.031136 0.998716
rot_z -0.027119 0.999112 -0.032234
id 2624
}
}
