combo wavecannon {
pos 122.661438 -3.746212 3.592519
WO NesthornFortressProps_Debris4 {
pos 117.413872 -3.77354 4.000002
scl 2.019999
id 22
}
WO NesthornFortressProps_Debris4 {
pos 115.772392 -3.756574 4.270004
scl 1.11
id 29
}
WO TutorialProps_Canister2 {
pos 114.638802 -3.717009 4.539998
rot_x 0.007862 -0.810907 0.585123
rot_y 0.999953 0.009695 0
rot_z -0.005673 0.585095 0.810945
scl 1.89
id 30
}
WO NesthornFortressProps_Debris4 {
pos 113.886398 -3.731944 4.000002
scl 1.919999
id 65
}
WO TutorialProps_Canister2 {
pos 113.076836 -3.660905 4.539998
rot_x 0.007862 -0.810907 0.585123
rot_y 0.999953 0.009695 0
rot_z -0.005673 0.585095 0.810945
scl 1.89
id 67
}
WO NesthornFortressProps_Debris4 {
pos 111.914314 -3.77584 4.270002
scl 0.93 0.93 1.02
id 109
}
WO NesthornFortressProps_Debris4 {
pos 109.925056 -3.773643 4.000002
rot_x 0.999971 0.007665 0
rot_y -0.007665 0.999971 0
scl 2.019999
id 110
}
WO TutorialProps_Canister2 {
pos 110.743011 -3.73111 4.539998
rot_x 0.007862 -0.810907 0.585123
rot_y 0.999953 0.009695 0
rot_z -0.005673 0.585095 0.810945
scl 1.89
id 112
}
WO TutorialProps_Canister2 {
pos 109.030731 -3.716676 4.539998
rot_x 0.007862 -0.810907 0.585123
rot_y 0.999953 0.009695 0
rot_z -0.005673 0.585095 0.810945
scl 1.89
id 113
}
WO TutorialProps_Canister6 {
pos 108.760071 -3.784509 4.62001
rot_x -0.017671 -0.000866 0.999843
rot_y -0.010936 0.99994 0.000673
rot_z -0.999784 -0.010922 -0.01768
scl 1 1 2.629999
id 114
}
WO NesthornFortressProps_BridgeTower {
pos 113.379433 -3.885075 -0.261333
rot_y 0 1 0
rot_z 0 0 1
id 115
}
WO FortressPiece_Tower1 {
pos 128.478592 -3.854927 1.900828
rot_x -0.09184 0.050396 0.994498
rot_y -0.995727 0.005073 -0.09221
rot_z -0.009692 -0.998716 0.049714
id 116
}
WO NesthornFortressProps_Debris1 {
pos 125.632607 -10.79377 3.306554
rot_x 0.995774 0.004648 0.091722
rot_y 0 0.998719 -0.05061
rot_z -0.09184 0.050396 0.994498
id 117
}
WO NesthornFortressProps_Debris1 {
pos 125.40229 -9.164768 3.306554
rot_x 0.995774 0.004648 0.091722
rot_y 0 0.998719 -0.05061
rot_z -0.09184 0.050396 0.994498
id 118
}
WO NesthornFortressProps_Debris1 {
pos 124.321953 -9.117542 3.306554
rot_x 0.995774 0.004648 0.091722
rot_y 0 0.998719 -0.05061
rot_z -0.09184 0.050396 0.994498
id 119
}
WO TutorialProps_Truck2 {
pos 122.713676 -9.186967 0
id 120
}
WO NesthornFortressProps_Debris1 {
pos 126.608162 -9.260198 3.306554
rot_x 0.995774 0.004648 0.091722
rot_y 0 0.998719 -0.05061
rot_z -0.09184 0.050396 0.994498
id 121
}
WO SandrimProps_CanistersBroken {
pos 124.72863 -4.776845 3.813597
rot_x 0.999659 -0.026089 -0.000801
rot_y 0.004698 0.14965 0.988728
rot_z -0.025675 -0.988395 0.149722
id 122
}
WO SandrimProps_CanistersBroken {
pos 131.546204 -4.926116 3.813597
rot_x 0.999702 -0.017523 0.016973
rot_y -0.014164 0.149535 0.988655
rot_z -0.019862 -0.988601 0.149242
id 123
}
WO TutorialProps_Canister6 {
pos 125.107613 -5.498536 5.050043
rot_x 1 0 0
rot_z 0 0 1
scl 1.86 1.86 3.329998
id 124
}
WO FortressPiece_Pipe1 {
pos 122.272598 -3.849517 5.200022
rot_x 1 0 0
rot_y 0 1 0
rot_z 0 0 1
id 125
}
WO SandrimProps_Container {
pos 121.298691 -3.821622 3.167817
rot_y 0 1 0
rot_z 0 0 1
scl 1.49
id 126
}
WO FortressPiece_Pipe1 {
pos 124.543007 -3.85644 5.200022
rot_x 1 0 0
rot_y 0 1 0
rot_z 0 0 1
id 127
}
WO FortressPiece_Pipe1 {
pos 126.928368 -3.820648 5.200022
rot_x 1 0 0
rot_y 0 1 0
rot_z 0 0 1
id 128
}
WO SimpleFortressProps_Building1 {
pos 130.879211 -3.948212 3.837715
rot_x 0.017887 0.99984 0
rot_y -0.99984 0.017887 0
id 129
}
WO SandrimProps_Container {
pos 127.534409 -3.843099 3.167817
rot_y 0 1 0
rot_z 0 0 1
scl 1.49
id 130
}
WO TutorialProps_Canister2 {
pos 126.483803 -2.344913 4.539998
rot_x 0.007862 -0.810907 0.585123
rot_y 0.999953 0.009695 0
rot_z -0.005673 0.585095 0.810945
scl 1.89
id 131
}
WO TutorialProps_Canister2 {
pos 124.896233 -2.27489 4.539998
rot_x 0.007862 -0.810907 0.585123
rot_y 0.999953 0.009695 0
rot_z -0.005673 0.585095 0.810945
scl 1.89
id 132
}
WO TutorialProps_Canister2 {
pos 123.334267 -2.218786 4.539998
rot_x 0.007862 -0.810907 0.585123
rot_y 0.999953 0.009695 0
rot_z -0.005673 0.585095 0.810945
scl 1.89
id 134
}
WO TutorialProps_Canister2 {
pos 121.700562 -2.128753 4.539998
rot_x 0.007862 -0.810907 0.585123
rot_y 0.999953 0.009695 0
rot_z -0.005673 0.585095 0.810945
scl 1.89
id 135
}
WO TutorialProps_Canister2 {
pos 119.988281 -2.114319 4.539998
rot_x 0.007862 -0.810907 0.585123
rot_y 0.999953 0.009695 0
rot_z -0.005673 0.585095 0.810945
scl 1.89
id 136
}
WO FortressPiece_Bars {
pos 122.682289 -1.733838 -1.46006
rot_x -0.999715 0.023886 0
rot_y -0.023886 -0.999715 0
rot_z 0 0 1
scl 1.789999
id 137
}
WO SandrimProps_CanistersBroken {
pos 124.729767 -2.772012 3.813597
rot_x -0.999917 0.01288 -0.000801
rot_y -0.00272 -0.149699 0.988728
rot_z 0.012615 0.988648 0.149722
id 138
}
WO SandrimProps_CanistersBroken {
pos 131.302872 -2.949235 3.813597
rot_x -0.999917 0.01288 -0.000801
rot_y -0.00272 -0.149699 0.988728
rot_z 0.012615 0.988648 0.149722
id 139
}
WO FortressPiece_Tower1 {
pos 128.523193 -4.008692 1.900828
rot_x 0.084289 -0.053219 -0.995019
rot_y -0.996385 0.006128 -0.084732
rot_z 0.010607 0.998564 -0.05251
id 140
}
WO NesthornFortressProps_Debris1 {
pos 126.594063 1.819473 3.306554
rot_x 0.995774 0.004648 0.091722
rot_y 0 0.998719 -0.05061
rot_z -0.09184 0.050396 0.994498
id 141
}
WO NesthornFortressProps_Debris1 {
pos 125.485146 1.838367 3.306554
rot_x 0.995774 0.004648 0.091722
rot_y 0 0.998719 -0.05061
rot_z -0.09184 0.050396 0.994498
id 142
}
WO NesthornFortressProps_Debris1 {
pos 124.404808 1.885593 3.306554
rot_x 0.995774 0.004648 0.091722
rot_y 0 0.998719 -0.05061
rot_z -0.09184 0.050396 0.994498
id 143
}
WO NesthornFortressProps_Debris1 {
pos 125.712517 3.029204 3.306554
rot_x 0.995774 0.004648 0.091722
rot_y 0 0.998719 -0.05061
rot_z -0.09184 0.050396 0.994498
id 144
}
WO FortressPiece_Pipe5 {
pos 129.564056 -2.28129 6.94001
rot_x -0.898996 0 -0.437957
rot_y 0 1 0
rot_z 0.437957 0 -0.898996
id 145
}
WO FortressPiece_Pipe1 {
pos 136.315689 -3.944603 5.200022
rot_x 1 0 0
rot_y 0 1 0
rot_z 0 0 1
id 146
}
WO SandrimProps_Container {
pos 133.512955 -3.878421 3.167817
rot_y 0 1 0
rot_z 0 0 1
scl 1.49
id 147
}
WO FortressPiece_Bars {
pos 122.674324 -5.983932 -1.46006
rot_x -0.999715 0.023886 0
rot_y -0.023886 -0.999715 0
rot_z 0 0 1
scl 1.799999
id 148
}
}
