combo weapondepot {
pos -1.966424 -307.690338 0.337278
WO NesthornFortressProps_Debris2 {
pos 1.854038 -310.114075 -0.019998
rot_x 1 0 0
rot_z 0 0 1
id 218
}
WO NesthornFortressProps_Debris2 {
pos 1.43258 -311.363708 0.010002
rot_x 0.477524 -0.878619 0
rot_y 0.878619 0.477524 0
rot_z 0 0 1
id 220
}
WO TutorialProps_Canister3 {
pos -1.063281 -310.473511 0.460043
rot_x 0.024587 0 -0.999698
rot_y 0.000018 1 0
rot_z 0.999698 -0.000018 0.024587
scl 1.91
id 221
}
WO BuildingRoofE2 {
pos -2.282295 -308.942627 0.1
rot_x 0.005544 0.999985 0
rot_y -0.999985 0.005544 0
scl 0.49
id 222
}
WO TutorialProps_Arrows {
pos -2.313182 -310.92392 0.1
rot_x 0.013013 -0.999915 0
rot_y 0.999915 0.013013 0
id 223
}
WO TutorialProps_Canister3 {
pos -3.498558 -310.378296 0.460043
rot_x -0.024582 -0.000467 -0.999698
rot_y 0.018991 -0.99982 0
rot_z -0.999517 -0.018985 0.024587
scl 1.91
id 224
}
WO FortressPiece_Square {
pos -2.303871 -307.32077 -0.050118
id 225
}
WO FortressPiece_Pipe5 {
pos -4.116093 -307.657928 1.15
rot_x -0.005973 -0.994887 -0.100822
rot_y 0.041213 -0.100983 0.994034
rot_z -0.999133 0.001782 0.041606
scl 0.43
id 226
}
WO TutorialProps_Ladder {
pos -5.310201 -309.024597 -0.089999
rot_x 0.023425 0.999726 0
rot_y -0.999726 0.023425 0
id 227
}
WO TutorialProps_Ladder {
pos -5.31657 -307.822021 -0.089999
rot_x 0.023425 0.999726 0
rot_y -0.999726 0.023425 0
id 228
}
WO TutorialProps_Ladder {
pos -5.315962 -306.616638 -0.089999
rot_x 0.023425 0.999726 0
rot_y -0.999726 0.023425 0
id 229
}
WO TutorialProps_Canister1 {
pos -3.798198 -306.300049 0.10003
rot_x 1 0 0
rot_y 0 1 0.000032
rot_z 0 -0.000032 1
scl 2.129999
id 230
}
WO TutorialProps_Canister1 {
pos -0.815063 -306.221222 0.10003
rot_x 1 0 0
rot_y 0 1 0.000032
rot_z 0 -0.000032 1
scl 2.129999
id 231
}
WO FortressPiece_Pipe5 {
pos 0.010949 -307.611908 1.15
rot_x -0.005973 -0.994887 -0.100822
rot_y 0.041213 -0.100983 0.994034
rot_z -0.999133 0.001782 0.041606
scl 0.43
id 232
}
WO TutorialProps_Ladder {
pos 0.666191 -306.690613 -0.089999
rot_x -0.009146 -0.999958 0
rot_y 0.999958 -0.009146 0
id 233
}
WO TutorialProps_Ladder {
pos 0.689061 -307.966858 -0.089999
rot_x -0.009146 -0.999958 0
rot_y 0.999958 -0.009146 0
id 234
}
WO TutorialProps_Ladder {
pos 0.695358 -309.121155 -0.089999
rot_x -0.009146 -0.999958 0
rot_y 0.999958 -0.009146 0
id 235
}
WO FortressPiece_Pipe4 {
pos -3.173068 -304.08667 -0.919999
scl 0.65
id 236
}
WO IronHand_LandingLight {
pos -1.268081 -304.74472 2.199999
id 237
}
WO IronHand_LandingLight {
pos -3.417342 -304.787354 2.199999
id 238
}
WO TutorialProps_Canister3 {
pos -4.10585 -305.550598 0.460043
rot_x 1 0 0
rot_y 0 1 0.000018
rot_z 0 -0.000018 1
scl 1.91
id 239
}
WO TutorialProps_Canister3 {
pos -0.511895 -305.467621 0.460043
rot_x 1 0 0
rot_y 0 1 0.000018
rot_z 0 -0.000018 1
scl 1.91
id 240
}
}
