// map: Twolnsurv

// level embedded console commands 
CONSOLE gameUI enable PressAText
CONSOLE gameUI disable LoadingText
CONSOLE sym set IsLoaded 1
CONSOLE_IMMEDIATE rook setCreepLimit 6
CONSOLE_IMMEDIATE rook setLevelExpReqMult 1.8
CONSOLE_IMMEDIATE sym set S_Wave 0
CONSOLE_IMMEDIATE gfx reloadMasterMaterial master_EnvironmentMapped.mtl Canyon
CONSOLE_IMMEDIATE gfx reloadMasterMaterial master_Boreal.mtl ToGrass
CONSOLE_IMMEDIATE sym set IronHandSurvivalEnemies 1
CONSOLE_IMMEDIATE sym set ShowPlayerScore 1
CONSOLE_EXIT_IMMEDIATE sym set ShowPlayerScore 0
CONSOLE_EXIT_IMMEDIATE sym set IronHandSurvivalEnemies 0

mapInfo {
	MAPNAME twolnsurv
	MAPAUTHOR CarbonGames
	MAPDESCRIPTION Vorgo Pass
	SKYBOX mat_SkyBlueSmallClouds
	TILESET Canyon
	EDGING ToGrass
	GAMEMODE custom
	GAMESTYLE Survival
	PREGAME 3
	PREGAME_RADIUS 55
}

mapBounds {
	LEVELCAMERA_ZROT 0
	AutoExtShadowCheckAtZHeight 5
	FORCEBOX -65 53 -52 45 4 0
	FORCEBOX2 -65 53 -52 45 4 0
	MAPEXTMIN -70 -70 0
	MAPEXTMAX 70 70 0
	CAMERAEXTMIN -53 -58
	CAMERAEXTMAX 43 17
}

mapBalance {
}

editorSettings {
	TerrainSelectionActive Editor_Mountain
	TerrainArrayX 10
	TerrainArrayY 10
	TerrainPatternActive Editor_PatternSquare
}

planeZones {
  KILLPLANE -6
  TRANSFORMPLANE -10
}

fogValues {
	FOGCOLOR 102 102 140.25 255
	FOGARGS 9 10
	DFOGCOLOR 76.5 51 51 255
	DFOGCOLOR2 0 0 0 0
	DFOGARGS 5000 1
	DFOGARGS2 0 0
	CANVASCOLOR 0 0 0 0
}

combos {
combo refineryexhaust {
	pos 17.630413 -57.296738 0
}
combo refineryexhaust {
	pos 35.922718 28.852482 3.203758
}
combo ironhandbanner1 {
	pos 32.145802 35.674179 4.094882
	WO TutorialProps_Canister6 {
		pos 32.394711 35.678276 3.454883
		scl 0.86 0.86 0.58
		id 1
	}
	WO IronHand_Banner {
		pos 31.640762 35.661736 6.154881
		scl 0.21 0.21 0.33
		id 2
	}
	WO SaltLight {
		pos 32.401936 35.682529 2.674883
		rot_x -0.01969 0.999806 0
		rot_y -0.999806 -0.01969 0
		id 3
	}
}
combo ironhandbanner1 {
	pos -43.657162 17.915546 6.540005
	WO TutorialProps_Canister6 {
		pos -43.408253 17.919643 5.900006
		scl 0.86 0.86 0.58
		id 5
	}
	WO IronHand_Banner {
		pos -44.162201 17.903103 8.600006
		scl 0.21 0.21 0.33
		id 6
	}
	WO SaltLight {
		pos -43.401028 17.923897 5.120006
		rot_x -0.01969 0.999806 0
		rot_y -0.999806 -0.01969 0
		id 198
	}
}
combo ironhandbanner1 {
	pos -30.873491 -41.47694 4.129795
	WO TutorialProps_Canister6 {
		pos -30.624582 -41.472843 3.489796
		scl 0.86 0.86 0.58
		id 192
	}
	WO IronHand_Banner {
		pos -31.378531 -41.489384 6.189792
		scl 0.21 0.21 0.33
		id 10
	}
	WO SaltLight {
		pos -30.617357 -41.46859 2.709796
		rot_x -0.01969 0.999806 0
		rot_y -0.999806 -0.01969 0
		id 11
	}
}
combo ironhandbanner1 {
	pos 35.202038 -36.482204 3.505153
	WO TutorialProps_Canister6 {
		pos 35.450947 -36.478107 2.865154
		scl 0.86 0.86 0.58
		id 13
	}
	WO IronHand_Banner {
		pos 34.696999 -36.494648 5.565149
		scl 0.21 0.21 0.33
		id 14
	}
	WO SaltLight {
		pos 35.458172 -36.473854 2.085154
		rot_x -0.01969 0.999806 0
		rot_y -0.999806 -0.01969 0
		id 202
	}
}
combo ironhandbarrier1 {
	pos 70.279648 -10.577861 11.580001
	WO FortressPiece_Bars {
		pos 71.602562 -11.110207 7.941381
		rot_x 0.99988 -0.015489 0
		rot_y 0.015489 0.99988 0
		id 204
	}
	WO FortressPiece_Bars {
		pos 68.805786 -11.076405 7.941381
		rot_x -0.99988 0.015489 0
		rot_y -0.015489 -0.99988 0
		id 206
	}
	WO IronHand_ArmorPlate {
		pos 67.299416 -10.754198 12.151408
		rot_x 0.999943 -0.005129 -0.009431
		rot_y -0.000309 0.864402 -0.502803
		rot_z 0.010732 0.502777 0.86435
		scl 0.51
		id 217
	}
	WO TutorialProps_Vent {
		pos 68.843674 -10.511847 12.423594
		rot_x 0 0 -1
		rot_y 0.99988 -0.015489 0
		rot_z -0.015489 -0.99988 0
		id 222
	}
	WO TutorialProps_Vent {
		pos 68.895409 -9.865125 13.803596
		rot_x 0 0 -1
		rot_y 0.99988 -0.015489 0
		rot_z -0.015489 -0.99988 0
		id 21
	}
	WO TutorialProps_Vent {
		pos 71.838966 -9.906006 13.803596
		rot_x 0 0 -1
		rot_y 0.99988 -0.015489 0
		rot_z -0.015489 -0.99988 0
		id 22
	}
	WO TutorialProps_Vent {
		pos 71.787346 -10.552695 12.423594
		rot_x 0 0 -1
		rot_y 0.99988 -0.015489 0
		rot_z -0.015489 -0.99988 0
		id 23
	}
	WO IronHand_ArmorPlate {
		pos 73.163918 -10.845879 12.151408
		rot_x 0.999943 -0.005129 -0.009431
		rot_y -0.000309 0.864402 -0.502803
		rot_z 0.010732 0.502777 0.86435
		scl 0.51
		id 24
	}
}
combo ironhandbarrier1 {
	pos 70.054482 -4.265009 11.580001
	WO FortressPiece_Bars {
		pos 68.710373 -3.790657 7.941254
		rot_x -0.999627 -0.027976 0
		rot_y 0.027976 -0.999627 0
		id 26
	}
	WO FortressPiece_Bars {
		pos 71.505981 -3.702929 7.941254
		rot_x 0.999627 0.027976 0
		rot_y -0.027976 0.999627 0
		id 27
	}
	WO IronHand_ArmorPlate {
		pos 73.024933 -3.959356 12.151281
		rot_x -0.999239 -0.038329 -0.009431
		rot_y 0.037871 -0.863589 -0.502803
		rot_z 0.011126 -0.502778 0.86435
		scl 0.51
		id 227
	}
	WO TutorialProps_Vent {
		pos 71.492683 -4.268592 12.423467
		rot_x 0 0 -1
		rot_y -0.999627 -0.027976 0
		rot_z -0.027976 0.999627 0
		id 29
	}
	WO TutorialProps_Vent {
		pos 71.469109 -4.91698 13.80347
		rot_x 0 0 -1
		rot_y -0.999627 -0.027976 0
		rot_z -0.027976 0.999627 0
		id 30
	}
	WO TutorialProps_Vent {
		pos 68.52652 -5.004029 13.80347
		rot_x 0 0 -1
		rot_y -0.999627 -0.027976 0
		rot_z -0.027976 0.999627 0
		id 31
	}
	WO TutorialProps_Vent {
		pos 68.550026 -4.355694 12.423467
		rot_x 0 0 -1
		rot_y -0.999627 -0.027976 0
		rot_z -0.027976 0.999627 0
		id 32
	}
	WO IronHand_ArmorPlate {
		pos 67.16198 -4.122625 12.151281
		rot_x -0.999239 -0.038329 -0.009431
		rot_y 0.037871 -0.863589 -0.502803
		rot_z 0.011126 -0.502778 0.86435
		scl 0.51
		id 33
	}
}
combo ironhandbarrier1 {
	pos -77.394951 -7.978367 11.580001
}
combo ironhandbarrier1 {
	pos -77.539986 -1.665516 11.580001
}
combo ironhandbarrier1 {
	pos -79.947807 -5.706932 11.580001
	WO FortressPiece_Bars {
		pos -79.070496 -6.830801 7.941363
		rot_x 0.857459 -0.514574 0
		rot_y 0.514574 0.857459 0
		id 35
	}
	WO FortressPiece_Bars {
		pos -81.473656 -5.399721 7.941363
		rot_x -0.857459 0.514574 0
		rot_y -0.514574 -0.857459 0
		id 36
	}
	WO IronHand_ArmorPlate {
		pos -82.615646 -4.365848 12.151391
		rot_x 0.862706 -0.50564 -0.009431
		rot_y 0.432998 0.748145 -0.502803
		rot_z 0.261294 0.429687 0.86435
		scl 0.51
		id 37
	}
	WO TutorialProps_Vent {
		pos -81.157906 -4.930172 12.423576
		rot_x 0 0 -1
		rot_y 0.857459 -0.514574 0
		rot_z -0.514574 -0.857459 0
		id 38
	}
	WO TutorialProps_Vent {
		pos -80.788994 -4.396471 13.803579
		rot_x 0 0 -1
		rot_y 0.857459 -0.514574 0
		rot_z -0.514574 -0.857459 0
		id 39
	}
	WO TutorialProps_Vent {
		pos -78.262329 -5.907269 13.803579
		rot_x 0 0 -1
		rot_y 0.857459 -0.514574 0
		rot_z -0.514574 -0.857459 0
		id 40
	}
	WO TutorialProps_Vent {
		pos -78.631119 -6.440996 12.423576
		rot_x 0 0 -1
		rot_y 0.857459 -0.514574 0
		rot_z -0.514574 -0.857459 0
		id 41
	}
	WO IronHand_ArmorPlate {
		pos -77.586914 -7.384668 12.151391
		rot_x 0.862706 -0.50564 -0.009431
		rot_y 0.432998 0.748145 -0.502803
		rot_z 0.261294 0.429687 0.86435
		scl 0.51
		id 42
	}
}
combo ironhandbarrier1 {
	pos -76.824837 -0.585611 11.580001
	WO FortressPiece_Bars {
		pos -77.740654 0.50708 7.941178
		rot_x -0.874664 0.484794 0
		rot_y -0.484794 -0.874664 0
		id 44
	}
	WO FortressPiece_Bars {
		pos -75.289734 -0.840546 7.941178
		rot_x 0.874664 -0.484794 0
		rot_y 0.484794 0.874664 0
		id 45
	}
	WO IronHand_ArmorPlate {
		pos -74.112823 -1.834501 12.151206
		rot_x -0.879601 0.475686 -0.009431
		rot_y -0.407026 -0.76261 -0.502803
		rot_z -0.246369 -0.438427 0.86435
		scl 0.51
		id 46
	}
	WO TutorialProps_Vent {
		pos -75.589119 -1.320667 12.423391
		rot_x 0 0 -1
		rot_y -0.874664 0.484794 0
		rot_z 0.484794 0.874664 0
		id 47
	}
	WO TutorialProps_Vent {
		pos -75.939476 -1.866762 13.803394
		rot_x 0 0 -1
		rot_y -0.874664 0.484794 0
		rot_z 0.484794 0.874664 0
		id 48
	}
	WO TutorialProps_Vent {
		pos -78.516602 -0.44373 13.803394
		rot_x 0 0 -1
		rot_y -0.874664 0.484794 0
		rot_z 0.484794 0.874664 0
		id 49
	}
	WO TutorialProps_Vent {
		pos -78.166328 0.102355 12.423391
		rot_x 0 0 -1
		rot_y -0.874664 0.484794 0
		rot_z 0.484794 0.874664 0
		id 50
	}
	WO IronHand_ArmorPlate {
		pos -79.242455 1.009583 12.151206
		rot_x -0.879601 0.475686 -0.009431
		rot_y -0.407026 -0.76261 -0.502803
		rot_z -0.246369 -0.438427 0.86435
		scl 0.51
		id 51
	}
}
combo refineryexhaust {
	pos 72.640488 -13.355942 8.999999
	WO FortressPiece_Pipe5 {
		pos 72.120667 -14.544487 11.709066
		rot_x 0.07 0.033009 0.997001
		rot_y 0.606886 0.791803 -0.068825
		rot_z -0.7917 0.609884 0.035394
		id 53
	}
	WO FortressPiece_Pipe1 {
		pos 74.10376 -13.882317 8.496636
		rot_y 0 1 -0.000564
		rot_z 0 0.000564 1
		id 54
	}
	WO BarrelSmokey {
		pos 73.466919 -12.752922 8.399066
		id 55
	}
	WO SimpleProps_FortressFenceCorner {
		pos 74.19043 -14.677849 8.497085
		rot_y 0 1 -0.000564
		rot_z 0 0.000564 1
		id 56
	}
	WO SimpleProps_FortressFenceCorner {
		pos 70.452713 -12.027885 8.499076
		rot_x -0.998136 0.061031 0
		rot_y -0.061031 -0.998136 0
		id 57
	}
	WO SandrimProps_Crane3 {
		pos 71.508453 -12.250786 8.399066
		scl 0.8
		id 58
	}
}
combo refineryexhaust {
	pos -74.512177 0.778038 9
	WO FortressPiece_Pipe5 {
		pos -75.606476 0.081409 11.709067
		rot_x 0.076512 -0.01164 0.997001
		rot_y 0.945329 0.318774 -0.068825
		rot_z -0.317016 0.94776 0.035394
		id 60
	}
	WO FortressPiece_Pipe1 {
		pos -73.591148 -0.474916 8.496638
		rot_x 0.830045 -0.557697 0
		rot_y 0.557697 0.830045 -0.000564
		rot_z 0.000315 0.000468 1
		id 61
	}
	WO BarrelSmokey {
		pos -73.489876 0.817691 8.399068
		rot_x 0.830045 -0.557697 0
		rot_y 0.557697 0.830045 0
		id 62
	}
	WO SimpleProps_FortressFenceCorner {
		pos -73.962875 -1.18358 8.497087
		rot_x 0.830045 -0.557697 0
		rot_y 0.557697 0.830045 -0.000564
		rot_z 0.000315 0.000468 1
		id 63
	}
	WO SimpleProps_FortressFenceCorner {
		pos -75.587463 3.100518 8.499078
		rot_x -0.794461 0.607315 0
		rot_y -0.607315 -0.794461 0
		id 64
	}
	WO SandrimProps_Crane3 {
		pos -74.83548 2.326727 8.399068
		rot_x 0.830045 -0.557697 0
		rot_y 0.557697 0.830045 0
		scl 0.8
		id 65
	}
}
combo refinerylarge {
	pos -13.103611 74.678398 -9.569999
}
combo ironhandbarrier1 {
	pos 68.872459 -26.70867 11.580001
	WO FortressPiece_Bars {
		pos 68.370522 -28.043297 7.941267
		rot_x 0.007638 -0.999972 0
		rot_y 0.999972 0.007638 0
		id 67
	}
	WO FortressPiece_Bars {
		pos 68.339668 -25.246487 7.941267
		rot_x -0.007638 0.999972 0
		rot_y -0.999972 -0.007638 0
		id 68
	}
	WO IronHand_ArmorPlate {
		pos 68.626923 -23.73307 12.151295
		rot_x 0.017997 -0.999795 -0.009431
		rot_y 0.864164 0.020299 -0.502803
		rot_z 0.502891 0.000898 0.86435
		scl 0.51
		id 69
	}
	WO TutorialProps_Vent {
		pos 68.904961 -25.271317 12.423481
		rot_x 0 0 -1
		rot_y 0.007638 -0.999972 0
		rot_z -0.999972 -0.007638 0
		id 70
	}
	WO TutorialProps_Vent {
		pos 69.552727 -25.308083 13.803482
		rot_x 0 0 -1
		rot_y 0.007638 -0.999972 0
		rot_z -0.999972 -0.007638 0
		id 71
	}
	WO TutorialProps_Vent {
		pos 69.579865 -28.25181 13.803482
		rot_x 0 0 -1
		rot_y 0.007638 -0.999972 0
		rot_z -0.999972 -0.007638 0
		id 72
	}
	WO TutorialProps_Vent {
		pos 68.93219 -28.215113 12.423481
		rot_x 0 0 -1
		rot_y 0.007638 -0.999972 0
		rot_z -0.999972 -0.007638 0
		id 73
	}
	WO IronHand_ArmorPlate {
		pos 68.670906 -29.598129 12.151295
		rot_x 0.017997 -0.999795 -0.009431
		rot_y 0.864164 0.020299 -0.502803
		rot_z 0.502891 0.000898 0.86435
		scl 0.51
		id 208
	}
}
combo refineryexhaust {
	pos 61.621216 -31.38908 8.999999
}
combo refinerylarge {
	pos 74.773819 -28.875074 9
	WO FortressPiece_Pipe2 {
		pos 78.527756 -37.952911 8.391711
		rot_x 0.99988 0 -0.015517
		rot_z 0.015517 0 0.99988
		scl 0.81
		id 212
	}
	WO BarrelSmokey {
		pos 81.845016 -35.124123 8.921083
		scl 2.039999
		id 214
	}
	WO FortressPiece_3 {
		pos 84.75708 -34.348785 8.815997
		id 78
	}
	WO SimpleProps_Fence1 {
		pos 84.370018 -30.24951 9.021714
		id 79
	}
	WO FortressPiece_Pipe5 {
		pos 85.081917 -28.257719 9.94928
		rot_x -0.03635 0.99897 0.027169
		rot_y 0.039661 -0.025723 0.998882
		rot_z 0.998552 0.037387 -0.038685
		id 80
	}
	WO BarrelSmokey {
		pos 85.968025 -23.488935 8.921083
		scl 2.039999
		id 81
	}
	WO SimpleProps_Building3 {
		pos 81.956444 -23.805044 8.384589
		id 82
	}
	WO FortressPiece_Pipe5 {
		pos 79.324966 -18.340582 9.94928
		rot_x -0.068278 0.997296 0.027169
		rot_y 0.040463 -0.024442 0.998882
		rot_z 0.996846 0.069301 -0.038685
		id 83
	}
	WO SandrimProps_Crane1 {
		pos 75.195229 -18.055777 8.921712
		id 84
	}
	WO SandrimProps_Canisters {
		pos 72.184731 -15.534437 8.921736
		id 85
	}
	WO SimpleProps_Fence1 {
		pos 71.767365 -24.116079 9.021715
		rot_x -0.999047 -0.043637 0
		rot_y 0.043637 -0.999047 0
		id 86
	}
	WO Container7 {
		pos 71.622742 -20.535574 10.48171
		rot_x 0.946443 -0.32287 0
		rot_y 0.32287 0.946443 0
		id 87
	}
	WO Container7 {
		pos 70.680305 -20.708052 8.921712
		id 88
	}
	WO Container7 {
		pos 72.656631 -20.569532 8.921712
		id 89
	}
	WO FortPadCablesA {
		pos 72.287804 -24.159956 8.931712
		rot_x 0.463928 0.885873 0
		rot_y -0.885873 0.463928 0
		id 90
	}
	WO BarrelSmokey {
		pos 70.483566 -24.35755 8.921083
		scl 2.039999
		id 91
	}
	WO BarrelSmokey {
		pos 70.570145 -26.907431 8.921083
		scl 2.039999
		id 92
	}
	WO SimpleProps_Tower1 {
		pos 76.69561 -31.534582 8.921712
		id 93
	}
	WO SimpleProps_Tower2 {
		pos 76.974709 -28.215605 8.218168
		id 94
	}
	WO SimpleProps_Tower2 {
		pos 76.557465 -35.047943 8.218168
		id 95
	}
	WO SimpleProps_Barrel {
		pos 70.823624 -37.40976 8.921712
		id 96
	}
	WO SimpleProps_Barrel {
		pos 70.803757 -36.313324 8.921712
		id 97
	}
	WO SimpleProps_Barrel {
		pos 70.780701 -35.165939 8.921712
		id 98
	}
	WO SimpleProps_Barrel {
		pos 70.729446 -33.993645 8.921712
		id 99
	}
	WO SimpleProps_Barrel {
		pos 69.614479 -33.38652 8.921712
		id 100
	}
	WO SimpleProps_Barrel {
		pos 69.665733 -34.558815 8.921712
		id 101
	}
	WO SimpleProps_Barrel {
		pos 69.688789 -35.706161 8.921712
		id 102
	}
	WO SimpleProps_Barrel {
		pos 69.708656 -36.802612 8.921712
		id 103
	}
	WO FortressPiece_Pipe5 {
		pos 67.11808 -32.729836 9.94928
		rot_x -0.998833 -0.028373 -0.03909
		rot_y -0.03997 0.031136 0.998716
		rot_z -0.027119 0.999112 -0.032234
		id 104
	}
}
combo ironhandbarrier1 {
	pos -58.565674 5.594698 11.580001
	WO FortressPiece_Bars {
		pos -58.015121 6.909971 7.941253
		rot_x 0.02914 0.999571 0
		rot_y -0.999571 0.02914 0
		id 106
	}
	WO FortressPiece_Bars {
		pos -58.087139 4.113935 7.941253
		rot_x -0.02914 -0.999571 0
		rot_y 0.999571 -0.02914 0
		id 107
	}
	WO IronHand_ArmorPlate {
		pos -58.429852 2.61212 12.15128
		rot_x 0.018782 0.999775 -0.009431
		rot_y -0.864321 0.011494 -0.502803
		rot_z -0.502579 0.017596 0.86435
		scl 0.51
		id 108
	}
	WO TutorialProps_Vent {
		pos -58.651123 4.159541 12.423467
		rot_x 0 0 -1
		rot_y 0.02914 0.999571 0
		rot_z 0.999571 -0.02914 0
		id 109
	}
	WO TutorialProps_Vent {
		pos -59.297104 4.220101 13.803468
		rot_x 0 0 -1
		rot_y 0.02914 0.999571 0
		rot_z 0.999571 -0.02914 0
		id 110
	}
	WO TutorialProps_Vent {
		pos -59.215965 7.162825 13.803468
		rot_x 0 0 -1
		rot_y 0.02914 0.999571 0
		rot_z 0.999571 -0.02914 0
		id 111
	}
	WO TutorialProps_Vent {
		pos -58.570087 7.102328 12.423467
		rot_x 0 0 -1
		rot_y 0.02914 0.999571 0
		rot_z 0.999571 -0.02914 0
		id 112
	}
	WO IronHand_ArmorPlate {
		pos -58.258114 8.474794 12.15128
		rot_x 0.018782 0.999775 -0.009431
		rot_y -0.864321 0.011494 -0.502803
		rot_z -0.502579 0.017596 0.86435
		scl 0.51
		id 113
	}
}
combo refinerysmall {
	pos -64.513542 7.51931 8.667703
	WO SimpleProps_FortressFenceShort {
		pos -65.928513 7.562717 8.654344
		rot_x -0.999995 -0.003312 0
		rot_y 0.003312 -0.999995 0
		id 115
	}
	WO SimpleProps_Barrel {
		pos -67.405464 11.118534 8.654456
		id 116
	}
	WO SimpleProps_Barrel {
		pos -67.360893 12.287037 8.654456
		id 117
	}
	WO SimpleProps_Barrel {
		pos -67.292549 13.486393 8.654456
		id 118
	}
	WO SimpleProps_Tower1 {
		pos -64.307343 7.674335 8.654328
		rot_x -0.00009 -1 0
		rot_y 1 -0.00009 0
		id 119
	}
	WO SimpleProps_FortressFence {
		pos -62.092392 7.449924 8.754417
		rot_y 0 1 0.000021
		rot_z 0 -0.000021 1
		id 120
	}
	WO BarrelSmokey {
		pos -61.276558 9.476078 8.654328
		id 121
	}
	WO FortressPiece_Pipe5 {
		pos -59.316647 11.187611 8.514328
		scl 0.77
		id 122
	}
	WO Crate3 {
		pos -60.768456 4.163639 8.654328
		rot_x 0.509168 0.860667 0
		rot_y -0.860667 0.509168 0
		id 123
	}
	WO SimpleProps_Station {
		pos -64.403008 1.387531 8.754329
		rot_x -0.011843 -0.99993 0
		rot_y 0.99993 -0.011843 0
		id 124
	}
	WO BarrelSmokey {
		pos -67.041618 3.180393 8.654328
		id 125
	}
	WO FortressPiece_Pipe1 {
		pos -66.969048 1.257252 8.754329
		rot_x -0.833136 -0.553067 0
		rot_y 0.553067 -0.833136 0
		id 126
	}
}
combo refinerylarge {
	pos 75.655273 12.420788 9.000001
}
combo ironhandbarrier1 {
	pos 66.892982 9.591387 11.580001
	WO FortressPiece_Bars {
		pos 66.391045 8.25676 7.941267
		rot_x 0.007638 -0.999972 0
		rot_y 0.999972 0.007638 0
		id 128
	}
	WO FortressPiece_Bars {
		pos 66.360191 11.05357 7.941267
		rot_x -0.007638 0.999972 0
		rot_y -0.999972 -0.007638 0
		id 129
	}
	WO IronHand_ArmorPlate {
		pos 66.647446 12.566986 12.151295
		rot_x 0.017997 -0.999795 -0.009431
		rot_y 0.864164 0.020299 -0.502803
		rot_z 0.502891 0.000898 0.86435
		scl 0.51
		id 130
	}
	WO TutorialProps_Vent {
		pos 66.925484 11.02874 12.423481
		rot_x 0 0 -1
		rot_y 0.007638 -0.999972 0
		rot_z -0.999972 -0.007638 0
		id 131
	}
	WO TutorialProps_Vent {
		pos 67.57325 10.991974 13.803482
		rot_x 0 0 -1
		rot_y 0.007638 -0.999972 0
		rot_z -0.999972 -0.007638 0
		id 132
	}
	WO TutorialProps_Vent {
		pos 67.600388 8.048246 13.803482
		rot_x 0 0 -1
		rot_y 0.007638 -0.999972 0
		rot_z -0.999972 -0.007638 0
		id 133
	}
	WO TutorialProps_Vent {
		pos 66.952713 8.084944 12.423481
		rot_x 0 0 -1
		rot_y 0.007638 -0.999972 0
		rot_z -0.999972 -0.007638 0
		id 134
	}
	WO IronHand_ArmorPlate {
		pos 66.691429 6.701927 12.151295
		rot_x 0.017997 -0.999795 -0.009431
		rot_y 0.864164 0.020299 -0.502803
		rot_z 0.502891 0.000898 0.86435
		scl 0.51
		id 135
	}
}
combo ironhandbarrier1 {
	pos -57.344086 -33.779835 11.580001
	WO FortressPiece_Bars {
		pos -56.793533 -32.464561 7.941253
		rot_x 0.02914 0.999571 0
		rot_y -0.999571 0.02914 0
		id 137
	}
	WO FortressPiece_Bars {
		pos -56.865551 -35.260593 7.941253
		rot_x -0.02914 -0.999571 0
		rot_y 0.999571 -0.02914 0
		id 138
	}
	WO IronHand_ArmorPlate {
		pos -57.208263 -36.762417 12.15128
		rot_x 0.018782 0.999775 -0.009431
		rot_y -0.864321 0.011494 -0.502803
		rot_z -0.502579 0.017596 0.86435
		scl 0.51
		id 139
	}
	WO TutorialProps_Vent {
		pos -57.429535 -35.214993 12.423467
		rot_x 0 0 -1
		rot_y 0.02914 0.999571 0
		rot_z 0.999571 -0.02914 0
		id 140
	}
	WO TutorialProps_Vent {
		pos -58.075516 -35.15443 13.803468
		rot_x 0 0 -1
		rot_y 0.02914 0.999571 0
		rot_z 0.999571 -0.02914 0
		id 141
	}
	WO TutorialProps_Vent {
		pos -57.994377 -32.211708 13.803468
		rot_x 0 0 -1
		rot_y 0.02914 0.999571 0
		rot_z 0.999571 -0.02914 0
		id 142
	}
	WO TutorialProps_Vent {
		pos -57.348499 -32.272205 12.423467
		rot_x 0 0 -1
		rot_y 0.02914 0.999571 0
		rot_z 0.999571 -0.02914 0
		id 143
	}
	WO IronHand_ArmorPlate {
		pos -57.036526 -30.899738 12.15128
		rot_x 0.018782 0.999775 -0.009431
		rot_y -0.864321 0.011494 -0.502803
		rot_z -0.502579 0.017596 0.86435
		scl 0.51
		id 144
	}
}
combo refineryexhaust {
	pos -59.457542 -32.809551 9
	WO FortressPiece_Pipe5 {
		pos -60.659126 -32.320755 11.70906
		rot_x 0.034813 -0.06912 0.997001
		rot_y 0.80728 -0.586143 -0.068825
		rot_z 0.589143 0.807254 0.035394
		id 146
	}
	WO FortressPiece_Pipe1 {
		pos -59.945736 -34.285984 8.496631
		rot_x 0.02594 -0.999664 0
		rot_y 0.999664 0.02594 -0.000564
		rot_z 0.000564 0.000014 1
		id 147
	}
	WO BarrelSmokey {
		pos -58.833225 -33.62009 8.39906
		rot_x 0.02594 -0.999664 0
		rot_y 0.999664 0.02594 0
		id 148
	}
	WO SimpleProps_FortressFenceCorner {
		pos -60.738758 -34.393276 8.497079
		rot_x 0.02594 -0.999664 0
		rot_y 0.999664 0.02594 -0.000564
		rot_z 0.000564 0.000014 1
		id 149
	}
	WO SimpleProps_FortressFenceCorner {
		pos -58.186634 -30.588093 8.49907
		rot_x 0.035119 0.999383 0
		rot_y -0.999383 0.035119 0
		id 150
	}
	WO SandrimProps_Crane3 {
		pos -58.382088 -31.649223 8.39906
		rot_x 0.02594 -0.999664 0
		rot_y 0.999664 0.02594 0
		scl 0.8
		id 151
	}
}
combo ironhandbarrier1 {
	pos -30.138115 0.081881 3.09
	WO FortressPiece_Bars {
		pos -29.587563 1.397154 -0.548748
		rot_x 0.02914 0.999571 0
		rot_y -0.999571 0.02914 0
		id 153
	}
	WO FortressPiece_Bars {
		pos -29.65958 -1.398882 -0.548748
		rot_x -0.02914 -0.999571 0
		rot_y 0.999571 -0.02914 0
		id 154
	}
	WO IronHand_ArmorPlate {
		pos -30.002293 -2.900698 3.661281
		rot_x 0.018782 0.999775 -0.009431
		rot_y -0.864321 0.011494 -0.502803
		rot_z -0.502579 0.017596 0.86435
		scl 0.51
		id 155
	}
	WO TutorialProps_Vent {
		pos -30.223564 -1.353276 3.933467
		rot_x 0 0 -1
		rot_y 0.02914 0.999571 0
		rot_z 0.999571 -0.02914 0
		id 156
	}
	WO TutorialProps_Vent {
		pos -30.869545 -1.292717 5.313468
		rot_x 0 0 -1
		rot_y 0.02914 0.999571 0
		rot_z 0.999571 -0.02914 0
		id 157
	}
	WO TutorialProps_Vent {
		pos -30.788406 1.650008 5.313468
		rot_x 0 0 -1
		rot_y 0.02914 0.999571 0
		rot_z 0.999571 -0.02914 0
		id 158
	}
	WO TutorialProps_Vent {
		pos -30.142529 1.58951 3.933467
		rot_x 0 0 -1
		rot_y 0.02914 0.999571 0
		rot_z 0.999571 -0.02914 0
		id 159
	}
	WO IronHand_ArmorPlate {
		pos -29.830555 2.961977 3.661281
		rot_x 0.018782 0.999775 -0.009431
		rot_y -0.864321 0.011494 -0.502803
		rot_z -0.502579 0.017596 0.86435
		scl 0.51
		id 160
	}
}
combo ironhandbarrier1 {
	pos 31.203302 -6.23786 3.09
	WO FortressPiece_Bars {
		pos 30.621281 -7.539533 -0.548741
		rot_x -0.053152 -0.998583 0
		rot_y 0.998583 -0.053152 0
		id 162
	}
	WO FortressPiece_Bars {
		pos 30.760471 -4.746035 -0.548741
		rot_x 0.053152 0.998583 0
		rot_y -0.998583 0.053152 0
		id 163
	}
	WO IronHand_ArmorPlate {
		pos 31.139166 -3.252881 3.661288
		rot_x -0.042802 -0.999036 -0.009431
		rot_y 0.863796 -0.032261 -0.502803
		rot_z 0.502011 -0.029668 0.86435
		scl 0.51
		id 164
	}
	WO TutorialProps_Vent {
		pos 31.323198 -4.805182 3.933474
		rot_x 0 0 -1
		rot_y -0.053152 -0.998583 0
		rot_z -0.998583 0.053152 0
		id 165
	}
	WO TutorialProps_Vent {
		pos 31.967527 -4.881241 5.313466
		rot_x 0 0 -1
		rot_y -0.053152 -0.998583 0
		rot_z -0.998583 0.053152 0
		id 166
	}
	WO TutorialProps_Vent {
		pos 31.815704 -7.821162 5.313466
		rot_x 0 0 -1
		rot_y -0.053152 -0.998583 0
		rot_z -0.998583 0.053152 0
		id 167
	}
	WO TutorialProps_Vent {
		pos 31.171459 -7.745166 3.933474
		rot_x 0 0 -1
		rot_y -0.053152 -0.998583 0
		rot_z -0.998583 0.053152 0
		id 168
	}
	WO IronHand_ArmorPlate {
		pos 30.826597 -9.109734 3.661288
		rot_x -0.042802 -0.999036 -0.009431
		rot_y 0.863796 -0.032261 -0.502803
		rot_z 0.502011 -0.029668 0.86435
		scl 0.51
		id 169
	}
}
combo pupplatform {
	pos 12.353053 44.271786 0
	WO FortPadNeutral {
		pos 11.298099 44.776863 0.68538
		rot_x 0.999976 0.006897 0
		rot_y -0.006897 0.999976 0
		id 171
	}
	WO FortressPiece_Square {
		pos 11.190097 44.39946 -0.018266
		id 172
	}
	WO TutorialProps_Canister6 {
		pos 8.048903 46.868744 -0.198159
		id 173
	}
	WO TutorialProps_Canister6 {
		pos 8.21308 41.761688 -0.198159
		id 174
	}
	WO TutorialProps_Canister6 {
		pos 13.819903 41.579849 -0.198159
		id 175
	}
	WO TutorialProps_Canister6 {
		pos 14.227572 46.82946 -0.198159
		id 176
	}
	WO NesthornFortressProps_Debris4 {
		pos 14.76863 44.064396 0.041841
		id 177
	}
	WO NesthornFortressProps_Debris4 {
		pos 14.812434 45.129826 0.041841
		id 178
	}
	WO NesthornFortressProps_Debris4 {
		pos 14.798766 43.035805 0.041841
		id 179
	}
}
combo pupplatform {
	pos -11.006112 43.893475 0
	WO FortPadNeutral {
		pos -12.061067 44.398552 0.68538
		rot_x 0.999976 0.006897 0
		rot_y -0.006897 0.999976 0
		id 181
	}
	WO FortressPiece_Square {
		pos -12.169068 44.021149 -0.018266
		id 182
	}
	WO TutorialProps_Canister6 {
		pos -15.310262 46.490433 -0.198159
		id 183
	}
	WO TutorialProps_Canister6 {
		pos -15.146085 41.383377 -0.198159
		id 184
	}
	WO TutorialProps_Canister6 {
		pos -9.539263 41.201538 -0.198159
		id 185
	}
	WO TutorialProps_Canister6 {
		pos -9.131593 46.451149 -0.198159
		id 186
	}
	WO NesthornFortressProps_Debris4 {
		pos -8.590536 43.686085 0.041841
		id 187
	}
	WO NesthornFortressProps_Debris4 {
		pos -8.546732 44.751514 0.041841
		id 188
	}
	WO NesthornFortressProps_Debris4 {
		pos -8.5604 42.657494 0.041841
		id 189
	}
}
}
airmech {
	AILevel -1
	Player 0 {
		startLoc -1.814595 3.302314 3.960006
		startLevel 0
		pilot dynamic 
		airmech dynamic 
		aiScript dynamic 
	}
	Player 1 {
		startLoc 2.744484 3.328605 5.970007
		startLevel 0
		pilot dynamic 
		airmech dynamic 
		aiScript dynamic 
	}
	Player 2 {
		startLoc -8.570068 0.204398 4.290006
		startLevel 0
		pilot dynamic 
		airmech dynamic 
		aiScript dynamic 
	}
	Player 3 {
		startLoc 8.585633 1.152972 4.050005
		startLevel 0
		pilot dynamic 
		airmech dynamic 
		aiScript dynamic 
	}
	Player 4 {
		startLoc -5.195199 5.641219 1.560007
		startLevel 0
		pilot dynamic 
		airmech dynamic 
		aiScript dynamic 
	}
	Player 5 {
		startLoc 5.318081 5.515166 2.820007
		startLevel 0
		pilot dynamic 
		airmech dynamic 
		aiScript dynamic 
	}
}
DIR_LIGHT {
	pos -553.549011 309.300018 773.250977
	dir -0.553549 0.3093 0.773251
	diff 0.75 0.7 0.69
	amb 0.35 0.35 0.35
}
EventScripts {
	EVT fort death {
		enabled 1
		Fort {
			Destroyed {
			}
		}
	}
}
ActionScripts {
	ACT victory {
		triggerEvent 
		Conditions {
		}
		Commands {
			Message {
				string survival_18
			}
			Wait {
				paramType 1
				time 4
			}
			Message {
				string survival_19
			}
			Wait {
				paramType 1
				time 5
			}
			Endgame {
				result 1
			}
		}
	}
	ACT defeat {
		triggerEvent fort death
		Conditions {
			Fort {
				IsAlive {
					pickId 19
					affirm 0
				}
			}
		}
		Commands {
			Message {
				string survival_20
			}
			Wait {
				paramType 1
				time 3
			}
			Message {
				string survival_21
			}
			Wait {
				paramType 1
				time 5
			}
			Endgame {
				result 0
			}
		}
	}
}
ScriptVariables {
}
objects {
	WO FortPadBase {
		pos -9.366023 27.060797 -0.030002
		rot_x 0.733437 -0.679758 0
		rot_y 0.679758 0.733437 0
		id 9
		. team -1
	}
	WO FortPadBase {
		pos 8.10142 -33.44614 -0.029695
		rot_x -0.819152 0.573577 0
		rot_y -0.573577 -0.819152 0
		id 12
		. team -1
	}
	WO FortPadBase {
		pos 12.280276 -4.116793 -0.030006
		rot_x 0 1.000001 0
		rot_y -1.000001 0 0
		id 4
		. team 0
	}
	WO FortPadBase {
		pos -12.47356 -3.784361 -0.030006
		rot_x 0 -1.000001 0
		rot_y 1.000001 0 0
		id 7
		. team 0
	}
	WO Mountain_A3 {
		pos 0 40 0
		. mtmm 10
	}
	WO Mountain_A0 {
		pos 152 -64 -9
	}
	WO Mountain_A0 {
		pos 152 -72 -9
	}
	WO Mountain_F0 {
		pos 48 -48 3
		rot_x 0 -1 0
		rot_y 1 0 0
		. mtmm 2
	}
	WO Mountain_G5 {
		pos 32 -48 3
		rot_x -1 0 0
		rot_y 0 -1 0
		. mtmm 1
	}
	WO Mountain_G8 {
		pos 40 -48 3
		rot_x -1 0 0
		rot_y 0 -1 0
	}
	WO Mountain_F0 {
		pos 24 -48 3
		rot_x -1 0 0
		rot_y 0 -1 0
		. mtmm 3
	}
	WO Mountain_F0 {
		pos -48 40 3
		rot_x 0 1 0
		rot_y -1 0 0
		. mtmm 8
	}
	WO Mountain_G0 {
		pos -40 40 3
		. mtmm 12
	}
	WO Mountain_G0 {
		pos -48 32 6
		. mtmm 14
	}
	WO Mountain_F0 {
		pos -32 40 3
		. mtmm 12
	}
	WO Mountain_G0 {
		pos -56 24 9
		. mtmm 14
	}
	WO Mountain_F0 {
		pos -64 24 9
		rot_x 0 1 0
		rot_y -1 0 0
		. mtmm 8
	}
	WO Mountain_H0 {
		pos -64 16 9
		rot_x 0 -1 0
		rot_y 1 0 0
		. mtmm 14
	}
	WO Mountain_G1 {
		pos -72 16 9
		. mtmm 12
	}
	WO Mountain_F1 {
		pos -80 40 9
		. mtmm 4
	}
	WO Mountain_G8 {
		pos -80 32 9
		rot_x 0 -1 0
		rot_y 1 0 0
		. mtmm 5
	}
	WO Mountain_G5 {
		pos -80 24 9
		rot_x 0 -1 0
		rot_y 1 0 0
		. mtmm 5
	}
	WO Mountain_H0 {
		pos -80 16 9
		rot_x -1 0 0
		rot_y 0 -1 0
		. mtmm 13
	}
	WO Mountain_A0 {
		pos -144 16 -9
	}
	WO Mountain_G2 {
		pos -136 32 9
		rot_x 0 1 0
		rot_y -1 0 0
		. mtmm 2
	}
	WO Mountain_F0 {
		pos -120 48 9
		rot_x 0 1 0
		rot_y -1 0 0
		. mtmm 8
	}
	WO Mountain_G2 {
		pos -112 48 9
		. mtmm 12
	}
	WO Mountain_F1 {
		pos -104 48 9
		. mtmm 4
	}
	WO Mountain_G5 {
		pos -88 40 9
		. mtmm 12
	}
	WO Mountain_G8 {
		pos -96 40 9
		. mtmm 12
	}
	WO Mountain_H0 {
		pos -104 40 9
		rot_x -1 0 0
		rot_y 0 -1 0
		. mtmm 13
	}
	WO Mountain_A0 {
		pos -112 40 9
		. mtmm 15
	}
	WO Mountain_H0 {
		pos -120 40 9
		rot_x 0 -1 0
		rot_y 1 0 0
		. mtmm 14
	}
	WO Mountain_G1 {
		pos -128 40 9
		. mtmm 12
	}
	WO Mountain_F0 {
		pos 48 40 6
		. mtmm 4
	}
	WO Mountain_F1 {
		pos 24 40 3
		rot_x 0 1 0
		rot_y -1 0 0
		. mtmm 12
	}
	WO Mountain_G1 {
		pos 32 40 3
		. mtmm 12
	}
	WO Mountain_F1 {
		pos 40 40 3
		. mtmm 12
	}
	WO Mountain_H0 {
		pos 48 32 6
		rot_x -1 0 0
		rot_y 0 -1 0
		. mtmm 13
	}
	WO Mountain_F0 {
		pos 56 32 6
		. mtmm 4
	}
	WO Mountain_H0 {
		pos 56 24 6
		rot_x -1 0 0
		rot_y 0 -1 0
		. mtmm 13
	}
	WO Mountain_F0 {
		pos 64 24 9
		rot_x 0 1 0
		rot_y -1 0 0
		. mtmm 12
	}
	WO Mountain_F1 {
		pos 72 32 9
		rot_x 0 1 0
		rot_y -1 0 0
		. mtmm 8
	}
	WO Mountain_H0 {
		pos 72 24 9
		rot_x 0 -1 0
		rot_y 1 0 0
		. mtmm 14
	}
	WO Mountain_G1 {
		pos 80 32 9
		. mtmm 12
	}
	WO Mountain_G1 {
		pos 88 32 9
		. mtmm 12
	}
	WO Mountain_G1 {
		pos 96 32 9
		. mtmm 4
	}
	WO Mountain_G3 {
		pos 96 -40 9
		rot_x -1 0 0
		rot_y 0 -1 0
		. mtmm 1
	}
	WO Mountain_G1 {
		pos 88 -40 9
		rot_x -1 0 0
		rot_y 0 -1 0
		. mtmm 3
	}
	WO Mountain_G8 {
		pos 80 -40 9
		rot_x -1 0 0
		rot_y 0 -1 0
		. mtmm 3
	}
	WO Mountain_G5 {
		pos 72 -40 9
		rot_x -1 0 0
		rot_y 0 -1 0
		. mtmm 3
	}
	WO Mountain_G2 {
		pos 64 -40 9
		rot_x -1 0 0
		rot_y 0 -1 0
		. mtmm 3
	}
	WO Mountain_A8 {
		pos -8 -48 0
	}
	WO Mountain_F0 {
		pos -40 -48 3
		rot_x -1 0 0
		rot_y 0 -1 0
		. mtmm 3
	}
	WO Mountain_C0 {
		pos -32 -48 0
		rot_x -1 0 0
		rot_y 0 -1 0
		. mtmm 3
	}
	WO Mountain_F1 {
		pos -56 -48 9
		rot_x -1 0 0
		rot_y 0 -1 0
		. mtmm 1
	}
	WO Mountain_F1 {
		pos -48 -48 9
		rot_x 0 -1 0
		rot_y 1 0 0
		. mtmm 2
	}
	WO Mountain_H0 {
		pos -56 -40 9
		. mtmm 7
	}
	WO Mountain_G2 {
		pos -64 -40 9
		rot_x -1 0 0
		rot_y 0 -1 0
		. mtmm 11
	}
	WO Mountain_F1 {
		pos -72 -40 9
		rot_x -1 0 0
		rot_y 0 -1 0
		. mtmm 2
	}
	WO Mountain_G1 {
		pos -72 -32 9
		rot_x 0 1 0
		rot_y -1 0 0
		. mtmm 10
	}
	WO Mountain_A0 {
		pos -64 -32 9
		. mtmm 15
	}
	WO Mountain_H0 {
		pos -72 -24 9
		. mtmm 11
	}
	WO Mountain_H0 {
		pos -80 -24 9
		rot_x 0 1 0
		rot_y -1 0 0
		. mtmm 7
	}
	WO Mountain_F1 {
		pos -80 -40 9
		rot_x 0 -1 0
		rot_y 1 0 0
		. mtmm 1
	}
	WO Mountain_G1 {
		pos -80 -32 9
		rot_x 0 -1 0
		rot_y 1 0 0
		. mtmm 5
	}
	WO Mountain_G8 {
		pos -88 -40 9
		rot_x -1 0 0
		rot_y 0 -1 0
		. mtmm 3
	}
	WO Mountain_G5 {
		pos -96 -40 9
		rot_x -1 0 0
		rot_y 0 -1 0
		. mtmm 3
	}
	WO Mountain_G2 {
		pos -104 -40 9
		rot_x -1 0 0
		rot_y 0 -1 0
		. mtmm 3
	}
	WO Mountain_G1 {
		pos -112 -40 9
		rot_x -1 0 0
		rot_y 0 -1 0
		. mtmm 2
	}
	WO Mountain_A0 {
		pos -120 -16 9
		. mtmm 8
	}
	WO Mountain_A0 {
		pos -88 32 9
		. mtmm 11
	}
	WO Mountain_A0 {
		pos -88 24 9
		. mtmm 14
	}
	WO Mountain_A0 {
		pos -96 32 9
		. mtmm 7
	}
	WO Mountain_A0 {
		pos -104 32 9
		. mtmm 15
	}
	WO Mountain_A0 {
		pos -112 32 9
		. mtmm 11
	}
	WO Mountain_A0 {
		pos -128 32 9
		. mtmm 3
	}
	WO Mountain_A0 {
		pos -120 32 9
		. mtmm 3
	}
	WO Mountain_A0 {
		pos -120 24 9
	}
	WO Mountain_A0 {
		pos -128 24 9
	}
	WO Mountain_A0 {
		pos -88 -32 9
		. mtmm 15
	}
	WO Mountain_A0 {
		pos -96 -32 9
		. mtmm 15
	}
	WO Mountain_A0 {
		pos -104 -32 9
		. mtmm 15
	}
	WO Mountain_A0 {
		pos -112 -32 9
		. mtmm 10
	}
	WO Mountain_A0 {
		pos -120 -32 9
	}
	WO Mountain_A0 {
		pos -128 -32 9
	}
	WO Mountain_A0 {
		pos -128 -16 9
	}
	WO Mountain_A0 {
		pos -128 -24 9
	}
	WO Mountain_A0 {
		pos -120 -24 9
		. mtmm 2
	}
	WO Mountain_A0 {
		pos -88 -24 9
		. mtmm 14
	}
	WO Mountain_A0 {
		pos -96 -24 9
		. mtmm 13
	}
	WO Mountain_A0 {
		pos -104 -24 9
		. mtmm 15
	}
	WO Mountain_A0 {
		pos -112 -24 9
		. mtmm 11
	}
	WO Mountain_A0 {
		pos 96 -8 9
		. mtmm 1
	}
	WO Mountain_A0 {
		pos 96 -16 9
		. mtmm 4
	}
	WO Mountain_A0 {
		pos 96 -24 9
		. mtmm 5
	}
	WO Mountain_A0 {
		pos 96 -32 9
		. mtmm 5
	}
	WO Mountain_A0 {
		pos 88 24 9
		. mtmm 15
	}
	WO Mountain_A0 {
		pos 88 16 9
		. mtmm 15
	}
	WO Mountain_A0 {
		pos 88 8 9
		. mtmm 7
	}
	WO Mountain_A0 {
		pos 88 0 9
		. mtmm 13
	}
	WO Mountain_A0 {
		pos 88 -8 9
		. mtmm 7
	}
	WO Mountain_A0 {
		pos 88 -16 9
		. mtmm 13
	}
	WO Mountain_A0 {
		pos 88 -24 9
		. mtmm 15
	}
	WO Mountain_A0 {
		pos 88 -32 9
		. mtmm 15
	}
	WO Mountain_A0 {
		pos 80 24 9
		. mtmm 15
	}
	WO Mountain_A0 {
		pos 80 16 9
		. mtmm 11
	}
	WO Mountain_A0 {
		pos 80 8 9
		. mtmm 14
	}
	WO Mountain_A0 {
		pos 80 0 9
		. mtmm 11
	}
	WO Mountain_A0 {
		pos 80 -8 9
		. mtmm 14
	}
	WO Mountain_A0 {
		pos 80 -16 9
		. mtmm 15
	}
	WO Mountain_A0 {
		pos 80 -24 9
		. mtmm 11
	}
	WO Mountain_A0 {
		pos 80 -32 9
		. mtmm 14
	}
	WO Mountain_A0 {
		pos 112 -32 9
	}
	WO Mountain_A0 {
		pos 112 -24 9
	}
	WO Mountain_A0 {
		pos 112 -16 9
	}
	WO Mountain_A0 {
		pos 112 -8 9
	}
	WO Mountain_A0 {
		pos 112 0 9
	}
	WO Mountain_A0 {
		pos 112 8 9
	}
	WO Mountain_A0 {
		pos 112 16 0
	}
	WO Mountain_A0 {
		pos 112 48 -15
	}
	WO Mountain_A0 {
		pos 120 48 -15
	}
	WO Mountain_A0 {
		pos 72 8 9
		. mtmm 13
	}
	WO Mountain_A0 {
		pos 72 16 9
		. mtmm 7
	}
	WO Mountain_C0 {
		pos 64 16 6
		rot_x 0 1 0
		rot_y -1 0 0
		. mtmm 15
	}
	WO Mountain_A0 {
		pos 104 32 9
	}
	WO Mountain_A0 {
		pos 104 24 9
	}
	WO Mountain_A0 {
		pos 104 16 9
	}
	WO Mountain_A0 {
		pos 104 8 9
	}
	WO Mountain_A0 {
		pos 104 0 9
	}
	WO Mountain_A0 {
		pos 104 -8 9
	}
	WO Mountain_A0 {
		pos 104 -16 9
	}
	WO Mountain_A0 {
		pos 104 -24 9
	}
	WO Mountain_A0 {
		pos 104 -32 9
	}
	WO Mountain_A0 {
		pos 96 24 9
		. mtmm 5
	}
	WO Mountain_A0 {
		pos 96 16 9
		. mtmm 5
	}
	WO Mountain_A0 {
		pos 96 8 9
		. mtmm 1
	}
	WO Mountain_A0 {
		pos 96 0 9
		. mtmm 4
	}
	WO Mountain_A0 {
		pos -88 16 9
		. mtmm 15
	}
	WO Mountain_A0 {
		pos -88 8 9
		. mtmm 15
	}
	WO Mountain_A0 {
		pos -88 0 9
		. mtmm 7
	}
	WO Mountain_A0 {
		pos -88 -8 9
		. mtmm 13
	}
	WO Mountain_A0 {
		pos -88 -16 9
		. mtmm 11
	}
	WO Mountain_A0 {
		pos -96 24 9
		. mtmm 13
	}
	WO Mountain_A0 {
		pos -104 24 9
		. mtmm 15
	}
	WO Mountain_A0 {
		pos -112 24 9
		. mtmm 10
	}
	WO Mountain_A0 {
		pos -112 16 9
		. mtmm 2
	}
	WO Mountain_A0 {
		pos -104 16 9
		. mtmm 3
	}
	WO Mountain_A0 {
		pos -96 16 9
		. mtmm 11
	}
	WO Mountain_A0 {
		pos -112 -16 9
		. mtmm 14
	}
	WO Mountain_A0 {
		pos -112 -8 9
		. mtmm 10
	}
	WO Mountain_A0 {
		pos -112 0 9
		. mtmm 8
	}
	WO Mountain_A0 {
		pos -112 8 9
	}
	WO Mountain_A0 {
		pos -104 8 9
	}
	WO Mountain_A0 {
		pos -104 0 9
		. mtmm 4
	}
	WO Mountain_A0 {
		pos -104 -8 9
		. mtmm 13
	}
	WO Mountain_A0 {
		pos -104 -16 9
		. mtmm 15
	}
	WO Mountain_A0 {
		pos -96 -16 9
		. mtmm 7
	}
	WO Mountain_A0 {
		pos -96 -8 9
		. mtmm 14
	}
	WO Mountain_A0 {
		pos -96 0 9
		. mtmm 10
	}
	WO Mountain_A0 {
		pos -96 8 9
		. mtmm 10
	}
	WO Mountain_A0 {
		pos 72 -32 9
		. mtmm 12
	}
	WO Mountain_A0 {
		pos 72 -24 9
		. mtmm 2
	}
	WO Mountain_A0 {
		pos 72 -16 9
		. mtmm 10
	}
	WO Mountain_A0 {
		pos 72 -8 9
		. mtmm 8
	}
	WO Mountain_A0 {
		pos 72 0 9
		. mtmm 3
	}
	WO Mountain_A0 {
		pos -80 8 9
		. mtmm 15
	}
	WO Mountain_A0 {
		pos -80 0 9
		rot_x 0.000015 1 0
		rot_y -1 0.000015 0
		. mtmm 3
	}
	WO Mountain_A0 {
		pos -80 -8 9
		rot_x 0 -1 0
		rot_y 1 0 0
		. mtmm 4
	}
	WO MountainRock_E0 {
		pos -12.905919 -18.734262 -4.759986
		rot_x 0.823037 0.54505 0.159782
		rot_y -0.535061 0.838403 -0.103875
		rot_z -0.190579 0 0.981672
		scl 0.34
	}
	WO MountainRock_E1 {
		pos 10.474307 20.492359 -4.273476
		rot_x 0.894638 0.232719 0.381397
		rot_y -0.251748 0.967793 0
		rot_z -0.369113 -0.096016 0.924412
		scl 0.43
	}
	WO Mountain_A0 {
		pos -80 -16 9
		. mtmm 13
	}
	WO Mountain_A0 {
		pos -72 -8 9
	}
	WO Mountain_A0 {
		pos -72 -16 9
		. mtmm 12
	}
	WO Mountain_A0 {
		pos -72 8 9
		. mtmm 15
	}
	WO Mountain_A0 {
		pos -72 0 9
		. mtmm 3
	}
	WO Mountain_H0 {
		pos 16 40 0
		rot_x -1 0 0
		rot_y 0 -1 0
		. mtmm 12
	}
	WO Mountain_A8 {
		pos 8 40 0
		rot_x -1 0 0
		rot_y 0 -1 0
		. mtmm 13
	}
	WO Mountain_A0 {
		pos 152 -80 -9
	}
	WO Mountain_A8 {
		pos -8 40 0
		rot_x 0 -1 0
		rot_y 1 0 0
	}
	WO Mountain_H0 {
		pos -16 40 0
		rot_x 0 -1 0
		rot_y 1 0 0
		. mtmm 4
	}
	WO Mountain_G3 {
		pos -24 40 0
		. mtmm 12
	}
	WO Mountain_A0 {
		pos -16 -48 0
		rot_x -1 0 0
		rot_y 0 -1 0
		. mtmm 1
	}
	WO Mountain_A5 {
		pos 16 -48 0
		rot_x -1 0 0
		rot_y 0 -1 0
		. mtmm 2
	}
	WO Twolnsurv_Road {
		pos -92.266586 -3.035303 7.798724
		rot_x 0.52645 0.844241 0.100524
		rot_y -0.846455 0.509358 0.155146
		rot_z 0.079779 -0.166765 0.982764
		scl 1.41
	}
	WO Mountain_A7 {
		pos 8 -48 0
		. mtmm 4
	}
	WO Mountain_B0 {
		pos -24 -48 0
		rot_x 0 -1 0
		rot_y 1 0 0
		. mtmm 3
	}
	WO Mountain_Ab {
		pos 0 -48 0
		. mtmm 8
	}
	WO Mountain_C0 {
		pos 56 -32 6
		rot_x 0 1 0
		rot_y -1 0 0
		. mtmm 12
	}
	WO Mountain_F1 {
		pos 56 -40 9
		rot_x -1 0 0
		rot_y 0 -1 0
		. mtmm 7
	}
	WO Mountain_A0 {
		pos 64 -32 9
		rot_x -1 0 0
		rot_y 0 -1 0
		. mtmm 12
	}
	WO Mountain_G0 {
		pos 48 -40 3
		rot_x 0 -1 0
		rot_y 1 0 0
		. mtmm 11
	}
	WO Mountain_B1 {
		pos 40 -24 3
		rot_x 0 -1 0
		rot_y 1 0 0
		. mtmm 15
	}
	WO Mountain_B1 {
		pos 40 -32 3
		. mtmm 11
	}
	WO Mountain_B1 {
		pos 40 -8 3
		rot_x 0 -1 0
		rot_y 1 0 0
		. mtmm 6
	}
	WO Mountain_B0 {
		pos 40 -16 3
		rot_x -1 0 0
		rot_y 0 -1 0
		. mtmm 13
	}
	WO Mountain_C3 {
		pos 48 0 3
		rot_x 0 1 0
		rot_y -1 0 0
		. mtmm 14
	}
	WO Mountain_C3 {
		pos 48 8 3
		rot_x 0 1 0
		rot_y -1 0 0
		. mtmm 11
	}
	WO Mountain_C0 {
		pos 48 16 3
		rot_x 0 1 0
		rot_y -1 0 0
		. mtmm 14
	}
	WO Mountain_A0 {
		pos 56 16 6
		. mtmm 15
	}
	WO Mountain_B0 {
		pos 40 24 3
		rot_x -1 0 0
		rot_y 0 -1 0
		. mtmm 3
	}
	WO Mountain_D0 {
		pos 48 24 3
		. mtmm 11
	}
	WO Mountain_C0 {
		pos 40 32 3
		rot_x 0 1 0
		rot_y -1 0 0
		. mtmm 15
	}
	WO Mountain_A0 {
		pos 40 16 3
		. mtmm 8
	}
	WO Mountain_B0 {
		pos 32 0 0
		rot_x 0 1 0
		rot_y -1 0 0
		. mtmm 1
	}
	WO Mountain_B0 {
		pos 32 8 0
		rot_x -1 0 0
		rot_y 0 -1 0
		. mtmm 4
	}
	WO Mountain_D0 {
		pos 48 -16 3
		. mtmm 12
	}
	WO Mountain_D0 {
		pos 48 -8 3
		rot_x 0 -1 0
		rot_y 1 0 0
		. mtmm 3
	}
	WO MountainRock_C4 {
		pos -83.974434 4.214215 4.544735
		rot_x -0.821826 0.569739 0
		rot_y -0.569739 -0.821826 0
	}
	WO MountainRock_C4 {
		pos -85.990479 -2.190993 3.044734
		rot_x 0.983933 -0.178539 0
		rot_y 0.178539 0.983933 0
		scl 1.32
	}
	WO MountainRock_C4 {
		pos -78.36792 1.653016 4.709999
		rot_x -0.883026 -0.469324 0
		rot_y 0.469324 -0.883026 0
	}
	WO MountainRock_C4 {
		pos -93.077888 0.600919 2.069995
		rot_x -0.999713 -0.023955 0
		rot_y 0.023955 -0.999713 0
		scl 1.46
	}
	WO Twolnsurv_Road {
		pos 82.202156 -2.087366 7.798724
		rot_x -0.290677 -0.951525 0.100524
		rot_y 0.949251 -0.273592 0.155146
		rot_z -0.120124 0.140519 0.982764
		scl 1.41
	}
	WO Mountain_D0 {
		pos 48 -32 3
		. mtmm 13
	}
	WO Mountain_D0 {
		pos 48 -24 3
		rot_x 0 -1 0
		rot_y 1 0 0
		. mtmm 7
	}
	WO Mountain_A0 {
		pos 40 -40 3
		. mtmm 2
	}
	WO Mountain_B1 {
		pos 24 -32 0
		rot_x 0 -1 0
		rot_y 1 0 0
		. mtmm 6
	}
	WO Mountain_A2 {
		pos 32 -40 3
		rot_x -1 0 0
		rot_y 0 -1 0
		. mtmm 4
	}
	WO Mountain_C0 {
		pos 32 -24 0
		rot_x 0 1 0
		rot_y -1 0 0
		. mtmm 14
	}
	WO Mountain_C3 {
		pos 32 -16 0
		rot_x 0 1 0
		rot_y -1 0 0
		. mtmm 10
	}
	WO Mountain_C1 {
		pos 32 -8 0
		rot_x 0 1 0
		rot_y -1 0 0
		. mtmm 8
	}
	WO Mountain_D0 {
		pos 40 8 0
		. mtmm 2
	}
	WO Mountain_D1 {
		pos 40 0 0
		rot_x 0 -1 0
		rot_y 1 0 0
		. mtmm 8
	}
	WO MountainRock_C4 {
		pos 81.677223 14.710335 4.709999
		rot_x 0.952863 -0.303402 0
		rot_y 0.303402 0.952863 0
	}
	WO MountainRock_C4 {
		pos 81.824051 -10.848059 4.469999
		rot_x 0.144181 0.989551 0
		rot_y -0.989551 0.144181 0
	}
	WO Mountain_C3 {
		pos 32 16 0
		rot_x 0 1 0
		rot_y -1 0 0
	}
	WO Mountain_C0 {
		pos 32 24 0
		rot_x 0 1 0
		rot_y -1 0 0
		. mtmm 3
	}
	WO Mountain_B0 {
		pos 24 32 0
		rot_x -1 0 0
		rot_y 0 -1 0
